3 9 2 8 5 4 7 6 1 2 9 9 2 16
3 5 4 7 8 9 2 6 1 9 2 9 9 2 2 9 10 16
3 5 4 9 8 2 7 6 1 2 9 10 16
3 5 4 8 9 2 6 1 2 9 2 9 2 9 2 9 2 2 9 10 16
3 2 9 5 4 8 7 6 1 2 9 9 2 2 9 10 14 16
3 5 4 9 2 6 1 2 2 2 2 10 14 16
3 5 4 8 9 2 7 6 1 9 2 1 2 9 10 16
3 5 4 8 9 2 6 1 9 2 10 16
3 5 4 7 8 9 2 6 1 9 2 10 16
3 5 4 8 2 9 7 6 1 2 9 9 2 10 16
3 5 2 9 8 4 7 6 1 9 1 9 9 9 9 10 14 16
3 5 4 9 2 8 7 6 1 9 2 2 9 9 2 9 1 2 9 9 16
3 5 8 9 2 4 7 9 6 1 1 9 2 2 9 9 2 10 16
3 5 4 7 6 2 8 9 1 9 10 16
3 5 4 9 2 1 9 2 10 16
3 5 4 2 9 1 9 2 10 16
3 5 4 9 1 10 16
3 5 4 9 2 8 7 6 1 2 9 2 9 10 16
3 5 4 9 8 2 7 6 1 2 9 2 9 2 9 9 2 9 2 2 16
3 5 4 7 6 8 9 2 1 9 2 10 16
3 5 2 9 8 4 1 9 2 9 2 2 9 2 9 9 2 2 9 2 16
3 5 4 9 2 8 7 6 1 9 2 1 2 9 10 16
3 5 4 7 6 8 2 9 1 2 9 10 14 16
3 5 4 2 8 9 7 6 1 1 9 2 2 10 16
3 5 4 9 2 8 7 6 1 1 9 10 16
3 5 4 9 2 8 6 7 1 9 1 2 9 10 16
3 5 4 7 9 2 8 6 1 9 2 10 14 16
3 5 4 2 9 1 9 9 1 10 16
3 2 8 9 5 4 7 6 1 9 2 10 16
3 5 4 9 8 2 6 7 1 9 2 1 2 9 1 9 2 9 2 10 16
3 5 4 7 8 9 2 6 2 9 1 1 2 9 10 16
3 5 2 9 4 6 1 8 1 11 16
3 5 4 9 2 8 6 1 7 9 2 2 9 1 1 10 14 16
3 5 4 9 2 8 8 7 6 1 9 2 1 2 9 2 9 10 14 16
3 5 4 9 2 6 1 1 1 2 10 16
3 5 4 8 9 2 7 6 1 9 9 2 9 2 9 2 9 2 10 14 16
3 5 9 2 4 7 6 11 1 16
3 5 4 9 8 2 7 6 1 2 10 16
3 5 4 2 8 9 7 6 1 9 2 2 9 2 9 9 2 2 9 2 16
3 5 4 2 9 1 10 16
3 5 4 2 9 8 7 6 1 2 9 10 16
3 5 4 7 6 2 9 8 1 10 14 16
3 5 4 7 2 8 9 6 1 2 2 2 12 16
3 5 4 7 9 2 8 6 1 9 2 10 14 16
3 5 4 7 6 9 8 2 1 2 9 2 9 10 16
3 5 4 2 8 9 7 6 1 2 9 8 1 2 9 10 16
3 7 5 9 2 8 4 6 1 8 9 1 1 9 2 2 9 9 2 9 16
3 5 2 9 8 4 7 6 1 2 9 9 2 2 9 10 16
3 5 4 8 2 9 6 1 9 2 1 9 2 9 2 9 2 2 9 2 16
3 5 4 9 2 7 6 1 1 9 2 9 2 10 16
3 5 4 2 8 9 7 6 1 1 2 9 2 10 16
3 5 4 9 8 2 7 6 1 1 10 16
3 5 2 9 8 4 7 6 1 2 9 2 2 10 16
3 5 4 8 2 9 6 1 2 9 2 9 9 2 9 2 2 9 9 2 16
3 5 4 8 2 9 6 1 2 9 1 2 9 9 2 9 2 10 16
3 5 4 8 2 9 7 6 1 9 2 9 2 9 10 16
3 5 4 2 8 9 6 7 1 9 2 10 14 16
3 5 4 8 9 2 7 6 1 9 2 8 9 2 1 1 2 9 16
3 5 4 7 8 9 2 6 1 2 8 9 9 9 2 8 10 16
3 5 4 9 2 8 6 7 1 1 11 16
3 5 4 9 2 1 9 9 2 2 9 9 2 9 2 10 14 16
3 2 9 5 4 6 1 10 16
3 5 4 7 6 9 8 2 1 1 9 2 2 9 12 16
3 4 6 5 2 9 8 7 1 2 9 1 10 16
3 5 4 8 2 9 7 6 1 9 2 2 9 9 2 10 14 16
3 5 4 8 2 9 6 1 7 2 9 10 16
3 5 4 9 8 2 7 6 1 9 2 10 16
3 5 4 8 2 9 6 1 2 9 1 9 2 10 16
3 5 4 2 8 9 7 6 1 9 2 10 14 16
3 5 4 2 9 8 6 1 7 9 2 12 16
3 5 9 2 8 4 7 6 1 9 2 9 2 9 2 10 16
3 5 4 2 8 9 7 6 1 9 2 10 16
3 5 4 8 9 2 7 6 1 2 10 16
3 5 4 8 9 2 7 6 1 9 2 10 14 16
3 5 4 9 2 8 1 11 16
3 5 4 7 6 2 9 8 1 2 9 2 9 9 2 2 10 16
3 5 4 7 8 2 9 6 1 9 2 1 2 10 16
3 5 4 9 2 1 1 9 2 10 16
3 5 4 2 8 9 7 6 1 2 9 10 16
3 5 4 7 6 2 8 9 1 9 2 9 9 2 2 9 1 12 16
3 5 4 7 9 2 6 1 9 9 2 2 9 10 14 16
3 5 4 2 9 1 2 13 16
3 5 4 8 2 9 7 6 1 9 2 10 16
3 5 4 2 9 8 1 10 14 16
3 8 9 2 5 4 6 7 1 2 9 10 14 16
3 5 9 8 2 4 7 6 1 1 9 2 10 14 16
3 5 7 9 2 8 4 6 1 9 2 1 2 9 10 14 16
3 5 9 2 4 7 8 6 1 2 9 2 9 10 16
3 5 4 9 2 8 7 6 1 9 2 1 9 2 10 16
3 5 4 9 2 8 1 1 10 16
3 5 9 2 8 4 7 6 1 2 10 16
3 5 4 9 8 2 7 6 1 9 1 2 9 10 16
3 5 4 9 2 8 7 6 1 1 9 2 2 10 16
3 5 4 2 8 9 1 9 2 9 1 8 2 9 11 16
3 5 4 8 9 2 7 6 1 2 9 9 2 9 2 9 10 16
3 5 4 9 2 8 7 6 1 9 1 9 9 2 2 2 9 9 9 9 16
3 5 4 9 2 1 10 16
3 5 4 2 9 8 6 7 1 9 2 10 14 16
3 8 2 9 5 4 6 7 1 9 2 9 2 10 16
3 5 4 7 9 2 8 6 1 1 2 9 10 16
3 5 4 2 8 9 7 6 1 10 16
3 5 4 8 2 9 6 1 1 2 9 2 13 14 16
3 5 4 9 2 8 7 6 1 2 10 16
3 5 9 2 8 4 6 1 16
3 2 9 8 5 4 6 1 10 16
3 5 4 7 2 9 8 6 1 2 9 2 9 10 16
3 5 4 7 9 8 2 6 1 1 9 9 2 10 16
3 5 8 9 2 4 7 6 1 1 9 2 1 9 9 2 9 9 2 10 16
3 5 4 8 2 9 6 7 1 2 9 9 2 9 2 10 14 16
3 5 4 8 9 2 7 6 1 9 2 9 2 10 16
3 5 4 9 2 8 7 6 1 1 2 9 9 2 9 9 2 2 9 2 16
3 5 4 8 9 2 6 7 1 2 9 9 10 16
3 5 4 9 8 2 6 7 1 1 9 2 2 9 2 1 1 2 1 2 16
3 5 4 9 2 6 7 1 9 9 9 11 16
3 5 4 9 2 8 6 7 1 10 16
3 5 4 9 2 8 6 1 9 2 8 1 7 2 9 10 16
3 5 4 9 2 1 9 2 10 16
3 5 4 9 2 1 10 16
3 5 4 8 2 9 7 6 1 9 2 9 2 10 14 16
3 5 4 2 8 9 6 1 9 2 1 7 2 9 9 2 10 14 16
3 5 9 2 8 4 7 6 1 10 16
3 5 4 2 8 9 6 1 9 2 2 10 14 16
3 5 4 9 8 2 1 8 9 2 1 1 12 16
3 5 8 2 9 4 7 6 1 2 9 10 14 16
3 5 4 9 2 8 7 6 1 9 2 2 9 9 2 10 16
3 5 4 9 2 8 1 9 2 1 10 16
3 4 5 6 9 2 7 1 2 9 2 9 2 2 9 10 16
3 2 8 9 5 4 7 6 1 1 1 10 14 16
3 7 5 4 2 8 9 6 1 9 1 8 2 9 8 9 2 9 2 2 16
3 5 2 9 8 4 1 11 16
3 5 4 2 8 9 1 9 2 9 2 10 16
3 5 9 8 2 4 7 6 1 2 9 9 2 9 2 1 2 9 10 16
3 5 4 8 2 9 6 1 2 9 1 2 9 9 2 10 14 16
3 5 8 9 2 4 7 6 1 1 2 9 9 2 2 10 14 16
3 5 4 7 6 8 2 9 1 9 2 10 16
3 5 4 7 6 2 9 8 1 2 9 10 16
3 5 4 7 8 2 9 6 1 9 2 9 2 9 2 10 16
3 9 8 2 5 4 7 6 1 9 2 10 16
3 5 4 9 8 2 7 6 1 10 14 16
3 5 4 7 6 9 2 8 1 2 9 10 16
3 5 4 2 8 9 7 6 1 2 9 9 10 16
3 5 4 9 8 2 7 6 1 9 2 9 2 12 16
3 5 4 9 2 1 1 10 14 16
3 5 4 9 8 2 7 6 1 1 9 2 2 9 10 16
3 5 4 9 2 8 6 1 7 9 2 2 9 10 16
3 5 4 8 9 2 7 6 1 10 16
3 5 4 9 2 8 9 2 8 7 6 1 2 10 16
3 5 4 2 8 9 6 1 1 9 10 16
3 5 8 9 2 4 7 6 1 8 2 9 1 9 2 2 9 10 14 16
3 5 4 8 9 2 6 1 1 2 9 2 9 10 14 16
3 5 4 6 2 9 8 1 1 2 9 2 9 10 16
3 5 4 9 8 2 6 1 2 10 16
3 5 4 8 2 9 1 9 2 1 9 2 9 2 9 2 9 2 9 2 16
3 5 4 9 2 7 6 1 9 9 9 9 9 10 14 16
3 5 4 7 6 8 9 2 1 9 2 9 2 11 16
3 5 8 2 9 4 7 6 1 1 9 2 10 16
3 5 9 2 8 4 1 1 9 2 10 16
3 5 4 2 8 9 7 6 1 2 9 1 9 2 10 16
3 5 4 2 8 9 7 6 1 2 9 9 2 12 16
3 5 4 7 6 8 9 2 1 2 10 16
3 5 4 2 8 9 7 6 1 9 2 1 9 2 2 2 10 16
3 5 4 7 2 9 8 6 1 9 2 2 9 9 2 10 14 2 9 16
3 5 4 7 9 2 8 6 1 1 16
3 5 4 2 9 8 6 1 1 9 2 9 2 10 16
3 5 4 8 2 9 1 10 14 16
3 5 4 9 2 8 7 6 1 2 9 2 9 2 10 16
3 5 4 2 8 9 7 6 1 12 16
3 5 4 1 2 9 1 2 9 2 9 2 12 16
3 5 4 8 9 2 1 1 2 9 10 16
3 5 4 9 2 8 7 6 1 9 2 2 9 10 16
3 2 9 8 5 4 7 6 1 2 9 2 9 9 2 10 16
3 5 4 2 9 8 6 1 7 2 9 2 9 10 14 16
3 5 4 6 9 2 8 1 9 2 10 16
3 9 2 8 5 4 7 6 1 9 1 2 9 10 16
3 5 4 7 9 2 8 6 1 2 2 10 16
3 4 7 6 9 2 8 1 9 10 14 16
3 5 4 9 2 8 7 6 1 1 9 10 14 16
3 5 4 9 2 1 10 16
3 7 5 4 6 8 9 2 1 2 9 10 14 16
3 5 4 9 1 9 9 9 2 9 9 9 9 9 9 2 9 10 16
3 5 4 7 9 2 8 6 1 1 2 9 9 2 10 14 16
3 5 4 9 2 8 6 1 1 7 2 9 1 9 2 10 14 16
3 5 4 9 8 2 7 6 1 2 9 9 2 9 2 10 16
3 5 9 8 2 4 7 6 1 2 9 10 14 16
3 5 4 9 8 2 7 6 1 9 2 2 10 16
3 5 4 9 2 8 7 6 1 1 1 2 9 2 9 10 16
3 5 4 9 8 2 7 6 1 1 10 14 16
3 5 4 2 9 7 6 1 9 2 1 2 9 2 10 14 16
3 5 4 2 9 8 7 6 1 2 2 9 2 9 9 2 9 2 2 9 16
3 5 4 8 2 9 7 6 1 1 2 9 2 9 10 14 16
3 5 4 7 2 9 8 6 1 2 9 10 16
3 5 7 4 8 2 9 6 1 1 9 2 9 2 9 2 10 14 16
3 5 4 2 9 1 10 16
3 5 4 2 9 8 7 6 1 2 10 16
3 4 6 5 9 8 2 1 1 2 8 9 10 14 16
3 5 4 9 2 1 9 1 9 9 9 9 9 9 9 9 2 9 9 9 16
3 5 4 7 6 9 2 8 1 2 9 2 9 10 14 16
3 8 9 2 5 4 7 6 1 1 9 2 10 16
3 5 4 9 2 8 6 7 1 1 9 2 2 9 10 14 16
3 5 4 9 2 1 10 14 16
3 5 4 7 6 9 8 2 1 9 9 2 10 16
3 5 4 9 2 8 1 10 16
3 4 5 7 6 2 9 8 1 1 10 14 16
3 5 4 9 1 9 10 16
3 5 4 9 2 8 7 6 1 9 2 10 16
3 5 4 9 2 8 1 2 10 16
3 5 4 7 8 2 9 6 1 9 2 2 11 16
3 5 4 8 2 9 7 6 1 10 16
3 5 9 2 8 4 7 6 1 9 9 2 9 2 9 2 2 9 2 2 16
3 5 4 8 2 9 1 1 9 2 2 9 15 16
3 5 7 6 2 9 8 1 2 9 1 9 2 9 2 10 16
3 5 2 8 9 4 7 6 1 2 9 10 16
3 5 2 9 8 4 7 6 1 9 9 9 2 2 9 9 2 11 16
3 5 4 8 9 2 7 6 1 2 2 9 2 9 10 14 16
3 5 9 2 4 7 6 1 9 2 9 2 2 9 2 2 9 2 9 2 16
3 5 4 2 9 8 6 1 1 9 2 9 2 10 16
3 9 8 2 5 4 7 6 1 1 2 2 9 2 9 10 16
3 5 4 8 9 2 7 6 1 1 9 2 2 9 10 14 16
3 5 2 8 9 4 7 6 1 2 9 2 9 9 9 2 10 14 16
3 5 4 8 2 9 6 1 9 2 1 7 2 9 10 14 16
3 5 4 7 6 2 8 9 1 9 2 9 2 2 9 10 16
3 5 4 1 10 16
3 5 4 8 2 9 6 7 1 10 16
3 5 4 7 2 9 8 6 1 1 9 2 2 9 10 16
3 5 4 9 8 2 7 6 1 2 9 2 10 16
3 7 5 4 2 9 6 1 9 2 10 16
3 5 4 2 8 9 6 7 1 9 2 1 9 2 10 16
3 5 4 2 9 8 7 6 1 2 9 1 2 9 10 16
3 5 4 7 9 2 8 6 1 1 2 9 2 10 14 16
3 5 4 8 9 2 7 6 1 9 2 2 9 10 16
3 5 4 7 2 8 9 6 1 2 9 10 16
3 7 5 4 6 2 9 8 1 10 16
3 5 4 9 2 8 6 1 8 10 16
3 5 8 9 2 4 7 6 1 2 9 2 9 10 16
3 5 4 8 9 2 7 6 1 9 9 9 2 10 16
3 5 4 7 2 9 8 6 1 9 2 2 9 9 2 2 9 9 2 13 16
3 7 5 4 2 8 9 6 1 1 9 2 1 10 16
3 5 4 7 9 2 6 1 2 9 2 9 9 2 10 14 16
3 7 5 8 9 2 4 6 1 10 16
3 5 2 9 4 1 2 9 2 10 16
3 5 4 7 8 9 2 6 1 1 8 9 2 9 2 9 2 2 9 2 16
3 5 9 2 4 1 10 14 16
3 5 4 8 9 2 7 6 1 1 2 10 14 16
3 5 4 9 2 8 7 6 1 9 9 9 2 10 14 16
3 5 8 2 9 4 7 6 1 1 2 9 9 2 2 9 9 2 11 16
3 5 4 2 8 9 6 1 1 2 2 9 2 2 9 2 9 2 9 10 16
3 5 4 6 2 8 9 7 1 2 9 1 2 9 10 16
3 5 4 2 9 8 6 7 1 9 2 11 16
3 5 4 2 8 9 7 6 1 10 16
3 5 4 7 6 2 9 8 1 2 9 1 10 16
3 5 4 8 9 2 7 6 1 1 9 2 10 14 16
3 5 4 9 2 8 7 6 1 9 2 9 2 2 9 9 2 9 2 2 16
3 5 4 8 9 2 6 7 1 9 9 2 9 9 2 9 2 2 9 2 16
3 5 4 9 1 10 16
3 5 4 7 6 9 2 8 1 2 9 9 2 10 16
3 4 5 7 8 2 9 6 1 2 8 9 2 9 2 9 9 2 11 16
3 5 4 8 9 2 7 6 1 8 2 9 1 2 8 9 9 2 2 10 16
3 5 4 9 2 8 6 7 1 2 9 10 16
3 5 4 2 8 9 7 6 1 9 2 9 9 10 16
3 5 4 9 2 1 9 2 9 2 2 9 2 9 9 2 2 9 13 16
3 5 4 2 8 9 7 6 1 2 9 10 16
3 5 2 9 8 1 1 2 9 1 9 2 9 1 9 9 10 16
3 5 4 8 9 2 7 6 1 9 2 2 9 10 16
3 5 4 8 9 2 1 2 9 2 9 9 2 10 16
3 5 4 7 6 9 2 8 1 2 10 16
3 5 4 7 9 2 8 6 1 9 2 9 10 14 16
3 5 2 8 9 4 7 6 1 9 2 2 9 10 14 16
3 5 2 8 9 4 7 6 1 2 9 2 9 10 14 16
3 5 4 8 2 9 7 6 1 2 9 1 9 2 9 2 9 2 2 9 16
3 5 9 2 8 4 7 6 1 9 2 10 14 16
3 5 4 7 6 2 8 9 1 9 2 11 16
3 5 4 9 2 8 7 6 1 2 2 10 16
3 5 4 9 8 2 6 7 1 2 9 10 16
3 5 9 2 4 7 6 1 1 2 9 2 10 16
3 5 4 2 9 1 2 9 2 9 9 9 9 9 9 9 9 9 2 10 16
3 5 4 7 2 9 8 6 1 8 2 9 2 9 8 2 9 8 9 2 16
3 5 4 8 2 9 6 1 2 9 1 2 2 9 10 14 16
3 5 4 9 8 2 6 7 1 1 1 10 16
3 5 7 9 2 8 4 6 1 2 10 14 16
3 5 4 7 6 2 8 9 1 9 2 2 9 10 16
3 5 4 9 2 8 7 6 1 9 2 10 16
3 5 4 9 2 8 6 1 2 9 9 2 10 14 16
3 5 4 2 8 9 1 7 6 2 9 10 16
3 5 4 9 8 2 7 6 1 2 9 8 1 2 9 2 2 9 2 9 16
3 5 4 6 9 2 8 1 1 2 9 2 9 2 10 16
3 5 4 2 9 8 6 1 1 7 2 9 9 2 9 10 16
3 5 4 9 2 7 6 1 1 2 9 9 2 2 9 2 9 2 9 2 16
3 5 4 2 8 9 7 6 1 9 2 10 16
3 5 4 2 9 8 7 6 1 1 10 16
3 5 2 8 9 4 7 6 1 2 9 9 2 10 14 16
3 5 4 8 2 9 7 6 1 9 2 10 14 16
3 5 2 8 9 4 7 6 1 1 9 2 10 14 16
3 5 4 9 8 2 7 6 1 1 2 9 1 2 9 10 16
3 5 4 2 8 9 7 6 1 9 2 2 9 9 2 2 2 10 16
3 5 7 2 9 8 4 6 1 10 16
3 5 4 8 9 2 7 6 1 1 2 2 2 10 16
3 5 4 7 6 9 8 2 1 9 2 9 2 1 9 2 9 2 1 1 16
3 5 4 6 2 9 1 9 2 7 2 9 10 16
3 5 4 7 8 2 9 6 1 1 9 2 10 16
3 5 4 7 6 9 2 8 1 2 9 2 9 1 2 9 2 9 11 16
3 5 4 7 6 9 8 2 1 1 9 2 2 9 2 9 10 16
3 5 4 8 2 9 7 6 1 1 8 2 9 9 2 9 2 10 16
3 5 4 8 2 9 6 1 2 2 9 10 16
3 5 4 7 2 9 8 6 1 10 14 16
3 5 4 2 8 9 1 2 9 8 9 2 10 16
3 5 4 7 6 2 9 8 1 9 2 9 2 9 2 1 9 2 2 9 16
3 5 2 8 9 4 7 6 1 1 9 2 2 9 2 9 9 2 13 14 16
3 5 4 2 8 9 1 1 10 16
3 5 4 2 9 8 6 7 1 9 2 1 9 2 10 14 16
3 5 2 9 8 4 7 6 1 9 2 2 10 16
3 5 4 9 8 2 6 7 1 1 9 2 2 9 10 16
3 5 4 8 2 9 6 7 1 9 2 9 9 2 2 9 9 10 14 16
3 5 4 9 2 8 7 6 1 9 2 10 16
3 5 4 2 9 1 9 2 2 9 10 14 16
3 5 4 9 2 8 7 6 1 2 10 14 16
3 5 4 2 9 8 7 6 1 9 8 2 1 2 9 9 2 10 14 16
3 5 8 9 2 4 7 6 1 9 2 1 2 9 10 16
3 5 4 6 9 8 2 1 16
3 5 4 8 9 2 7 6 1 2 10 16
3 5 4 8 9 2 7 6 1 1 9 2 9 2 10 14 16
3 5 4 2 9 8 7 6 1 2 9 2 9 2 9 10 16
3 5 4 2 8 9 6 7 1 2 9 2 10 14 16
3 5 4 9 2 8 7 6 1 1 2 9 8 9 2 10 16
3 5 4 8 9 2 7 6 1 10 16
3 5 4 2 8 9 7 6 1 9 2 1 2 9 10 16
3 7 4 6 5 8 2 9 1 9 2 10 16
3 5 4 2 9 8 1 7 6 2 10 16
3 5 4 9 2 8 7 6 1 8 2 2 8 9 9 2 9 2 11 16
3 5 9 8 2 4 6 1 1 9 2 2 9 10 16
3 5 4 8 9 2 7 6 1 1 2 9 9 2 9 2 9 2 2 9 16
3 5 4 9 2 8 7 6 1 2 9 9 2 10 16
3 5 4 9 8 2 6 1 9 2 2 9 10 16
3 5 4 1 10 16
3 5 4 9 2 8 7 6 1 10 16
3 5 2 8 9 4 7 6 1 2 9 1 10 16
3 5 4 2 9 8 7 6 1 2 2 10 16
3 5 2 9 8 4 6 1 1 9 2 9 2 13 14 16
3 5 4 9 8 2 7 6 1 2 9 2 9 12 16
3 5 4 7 2 8 9 6 1 2 9 9 16
3 5 4 2 9 8 7 6 1 9 2 1 2 9 10 16
3 5 4 2 8 9 6 1 1 2 9 11 16
3 5 4 9 2 1 9 10 16
3 5 4 7 9 2 8 6 1 9 2 1 9 2 10 16
3 5 4 2 9 8 1 11 16
3 5 4 7 8 9 2 6 1 2 9 9 2 10 16
3 5 4 6 7 9 2 8 1 2 9 1 2 9 10 14 16
3 5 4 9 2 8 6 7 1 9 2 9 2 10 16
3 5 4 9 2 8 7 6 9 1 2 9 10 14 16
3 5 4 8 2 9 7 6 1 9 2 10 16
3 9 2 8 5 4 7 6 1 2 9 2 1 9 2 2 9 10 16
3 5 4 7 6 9 2 8 1 2 9 1 9 2 9 10 16
3 5 4 7 9 8 2 6 1 9 2 10 14 16
3 5 4 8 9 2 6 1 2 10 16
3 5 4 8 2 9 6 7 1 1 9 2 10 16
3 5 4 7 2 9 8 6 1 2 9 9 2 1 1 1 2 9 1 9 16
3 8 9 2 5 4 1 9 2 2 9 10 16
3 5 4 8 2 9 6 1 9 10 16
3 5 4 9 2 1 10 16
3 5 4 2 9 8 6 1 9 2 9 2 10 16
3 5 4 2 9 8 7 6 1 8 1 9 2 10 16
3 7 5 4 6 8 9 2 1 11 16
3 5 4 8 9 2 1 9 2 9 2 9 2 2 9 9 2 16
3 5 4 7 2 9 8 6 1 9 2 9 2 10 16
3 5 4 9 2 1 2 9 10 16
3 5 4 7 2 8 9 6 1 9 2 1 2 9 10 14 16
3 5 4 7 6 8 9 2 1 2 9 9 2 9 10 16
3 5 4 8 9 2 1 2 9 10 16
3 5 4 9 2 1 10 16
3 5 4 2 9 8 6 1 9 2 9 2 2 9 9 2 9 2 2 2 16
3 5 2 9 4 1 10 16
3 5 9 8 2 4 7 6 1 2 9 9 2 9 2 2 9 2 9 11 16
3 5 9 2 4 1 9 2 9 9 2 2 9 10 16
3 5 4 9 2 8 6 1 10 14 16
3 5 4 9 2 8 7 6 1 10 16
3 5 4 7 9 8 2 6 1 10 16
3 5 4 9 2 7 6 1 9 2 1 2 2 10 16
3 5 4 7 2 8 9 6 1 2 9 2 10 14 16
3 5 4 2 9 1 2 9 9 2 15 16
3 5 4 7 6 9 2 8 1 2 1 2 10 14 16
3 5 4 9 8 2 7 6 1 8 1 9 2 10 16
3 5 4 2 9 8 7 6 1 9 2 9 2 10 16
3 5 4 7 2 8 9 6 1 10 16
3 5 4 6 2 9 8 1 10 14 16
3 5 4 7 2 8 9 6 1 5 9 2 2 9 10 14 16
3 5 4 9 8 2 6 1 2 9 10 14 16
3 5 4 8 9 2 7 6 1 2 9 1 2 9 9 2 2 10 16
3 5 8 2 9 7 4 1 6 2 2 9 2 9 10 14 16
3 5 4 6 2 8 9 1 9 2 10 14 16
3 5 8 2 9 4 7 6 1 2 9 9 2 1 9 2 9 9 2 2 16
3 5 9 2 8 4 6 7 1 1 2 9 9 2 10 14 16
3 5 9 2 8 4 7 6 1 9 2 2 2 9 10 14 16
3 5 4 7 2 8 9 6 1 2 9 2 10 16
3 5 4 2 9 8 7 6 1 9 2 10 14 16
3 5 4 7 8 2 9 6 1 2 8 9 1 9 2 10 16
3 5 4 9 8 2 7 6 1 11 16
3 5 4 7 6 9 2 8 1 8 9 2 1 1 9 2 9 2 10 16
3 5 4 9 8 2 7 6 1 9 2 8 2 9 1 2 9 9 2 10 16
3 5 4 7 6 8 9 2 1 2 9 1 10 14 16
3 5 4 7 6 2 8 9 1 11 16
3 5 4 2 9 1 2 9 2 10 16
3 5 4 8 9 2 7 6 1 9 2 9 2 9 2 9 2 10 16
3 5 4 9 8 2 1 10 16
3 5 4 9 8 2 7 6 1 2 9 10 16
3 5 4 2 8 9 7 6 1 9 2 9 2 2 9 2 9 2 9 10 16
3 5 4 7 6 9 2 8 1 10 16
3 5 2 9 8 1 4 7 6 1 9 2 10 16
3 5 4 2 9 1 9 2 9 9 2 2 9 10 2 9 16
3 5 4 7 6 8 9 2 1 1 9 2 9 2 10 16
3 5 2 8 9 7 4 6 1 2 8 2 10 16
3 2 9 8 5 4 7 6 1 2 9 10 16
3 5 4 9 2 1 1 9 2 2 9 9 9 2 10 16
3 5 4 6 9 8 2 1 9 2 9 2 10 14 16
3 5 4 7 9 2 8 6 1 2 9 9 2 2 9 9 9 9 9 2 16
3 5 4 8 2 9 6 1 8 7 9 2 10 16
3 5 4 7 6 2 9 8 1 9 2 1 9 2 9 2 10 16
3 5 4 7 2 9 8 6 1 10 16
3 5 4 9 2 8 7 6 1 9 2 1 9 2 10 16
3 5 4 7 8 9 2 6 1 9 2 9 2 10 14 16
3 5 4 9 2 8 1 11 16
3 5 4 9 8 2 7 6 1 2 9 9 2 9 2 2 9 2 9 12 16
3 5 9 8 2 4 1 1 2 9 9 2 2 9 2 2 9 2 2 13 16
3 5 4 9 2 8 7 6 1 2 9 9 2 9 2 10 14 16
3 5 4 2 9 8 7 6 1 8 2 9 9 2 9 9 9 9 9 1 16
3 5 4 9 1 9 9 9 9 2 11 16
3 5 4 8 9 2 7 6 1 8 10 16
3 5 4 7 9 8 2 6 1 2 9 2 9 10 16
3 5 4 2 8 9 7 6 1 8 9 2 1 9 2 2 9 9 2 2 16
3 5 4 2 8 9 7 6 1 9 2 1 2 9 9 9 2 2 16
3 5 4 7 6 9 2 8 1 2 9 1 2 9 9 2 9 2 10 16
3 2 9 8 5 4 7 6 1 2 9 2 10 16
3 5 4 9 8 2 7 6 1 9 9 2 2 2 10 16
3 5 4 9 2 8 1 9 2 1 2 9 9 2 9 2 10 14 16
3 5 4 2 8 9 7 6 1 1 2 2 9 9 2 1 10 16
3 7 5 9 2 8 4 6 1 2 9 9 2 1 10 16
3 5 4 8 9 2 7 6 1 2 9 10 16
3 5 4 8 2 9 7 6 1 1 10 16
3 5 4 8 9 2 1 1 2 9 10 14 16
3 5 4 9 2 8 7 6 1 2 9 1 9 2 12 16
3 5 4 9 8 2 7 6 1 9 2 1 2 9 10 16
3 9 2 8 5 4 6 7 1 9 2 10 16
3 5 4 9 1 10 16
3 5 4 8 9 2 7 6 1 2 9 9 2 10 14 16
3 5 4 2 8 9 7 6 1 9 2 11 16
3 5 4 2 8 9 7 6 1 2 9 1 10 16
3 5 4 8 2 9 7 6 1 2 9 2 9 10 16
3 5 4 7 9 2 8 6 1 9 2 10 14 16
3 5 4 9 2 8 7 6 1 1 9 2 10 16
3 5 4 8 9 2 1 2 9 2 9 2 9 2 10 14 16
3 5 4 7 6 8 2 9 1 1 9 2 2 2 9 2 10 16
3 5 4 8 2 9 7 6 1 1 2 9 10 16
3 5 4 9 2 8 7 6 1 9 2 2 9 10 16
3 5 4 9 2 7 6 1 2 9 2 9 2 9 10 16
3 5 4 7 2 9 8 6 1 2 9 9 9 2 8 8 9 2 2 9 16
3 5 8 2 9 4 7 6 1 1 2 9 9 2 11 16
3 5 4 2 9 8 7 6 1 2 9 13 16
3 4 7 6 9 2 8 1 1 2 9 2 9 12 14 16
3 5 4 7 6 9 2 8 1 1 2 9 2 9 9 10 16
3 5 4 9 2 8 7 6 1 9 2 1 9 2 1 10 16
3 5 4 8 9 2 7 6 1 9 2 2 9 10 16
3 4 2 9 8 7 6 1 9 2 1 10 16
3 5 8 9 2 4 6 7 1 1 2 9 9 2 2 9 10 16
3 5 4 2 1 1 10 14 16
3 7 5 4 8 9 2 6 1 2 9 10 16
3 5 4 8 2 9 6 1 1 10 14 16
3 5 4 9 8 2 6 7 1 2 9 2 1 9 9 2 1 2 9 10 16
3 5 4 7 6 9 8 2 1 16
3 5 4 6 7 9 2 8 1 9 2 10 16
3 5 4 2 8 9 6 1 2 2 9 2 9 2 9 2 12 16
3 5 4 6 1 10 16
3 5 4 1 2 2 10 16
3 5 4 2 9 1 2 9 1 9 2 2 10 14 16
3 5 4 9 8 2 7 6 1 9 2 2 9 9 9 2 9 2 9 2 16
3 5 4 9 2 8 6 1 9 2 8 2 9 2 9 10 16
3 5 4 8 9 2 7 6 1 9 2 16
3 5 4 7 6 1 9 2 2 9 2 9 9 2 12 16
3 5 2 8 9 4 7 6 1 9 2 9 9 2 9 1 10 14 16
3 5 4 8 9 2 7 6 1 8 1 8 9 2 8 2 10 16
3 5 4 8 2 9 7 6 1 2 9 2 9 10 16
3 5 4 2 9 8 7 6 1 2 9 8 9 2 9 2 9 2 2 9 16
3 5 9 2 8 4 9 2 8 1 2 10 16
3 4 7 6 5 9 8 2 1 1 9 2 10 16
3 5 4 9 8 2 7 6 1 8 11 16
3 7 5 4 6 2 8 9 1 10 16
3 2 9 8 5 4 7 6 1 2 9 9 2 10 14 16
3 5 4 2 9 8 6 7 1 2 9 2 9 2 9 2 9 1 9 2 16
3 5 4 8 9 2 7 6 1 9 9 10 14 16
3 5 4 8 9 2 7 6 1 2 9 9 2 9 2 2 9 9 2 10 16
3 5 4 7 2 9 8 6 1 9 2 10 16
3 5 4 2 8 9 7 6 1 1 2 9 2 9 16
3 9 2 8 5 4 7 6 1 1 2 9 2 9 10 14 16
3 5 4 6 8 9 2 1 11 16
3 5 4 8 9 2 7 6 1 9 1 9 10 16
3 5 4 7 8 9 2 6 1 9 2 9 2 2 9 9 2 9 2 12 16
3 5 2 9 8 4 7 6 1 9 2 9 2 9 2 9 10 14 16
3 5 4 2 8 9 7 6 1 2 9 9 2 9 2 10 16
3 5 4 8 2 9 7 6 1 11 16
3 5 4 2 8 9 6 1 7 9 2 10 14 16
3 5 4 8 9 2 6 1 9 2 8 2 8 9 11 16
3 5 4 9 2 8 7 6 1 9 2 10 16
3 5 4 2 9 8 7 6 1 9 2 9 2 10 16
3 5 4 7 6 9 8 2 1 9 2 10 14 16
3 5 4 8 9 2 7 6 1 1 9 2 10 16
3 5 4 8 9 2 7 6 1 10 16
3 5 4 7 6 8 9 2 1 1 9 2 9 9 9 9 9 2 9 9 16
3 5 4 9 2 8 7 6 1 9 2 1 10 14 16
3 5 4 2 9 1 10 16
3 5 4 8 9 2 7 6 1 2 9 9 2 10 16
3 5 4 2 9 1 9 2 1 9 2 10 16
3 8 9 2 7 5 4 6 1 2 9 10 16
3 5 4 8 2 9 7 6 1 2 9 9 2 2 9 10 14 16
3 5 8 2 9 4 7 6 1 9 2 8 2 9 9 2 10 14 16
3 7 5 4 8 9 2 6 1 9 2 10 16
3 5 4 9 2 1 9 2 10 14 16
3 5 4 9 2 8 7 6 1 1 2 9 8 9 9 2 2 9 9 2 16
3 5 4 2 9 8 7 6 1 2 9 9 2 1 1 9 2 9 2 9 16
3 5 4 7 6 8 9 2 1 8 9 2 2 9 9 2 10 16
3 5 8 2 9 7 4 6 1 1 2 9 2 9 2 10 14 16
3 5 4 7 6 9 8 2 1 9 2 2 9 2 9 2 9 2 9 10 16
3 7 5 9 2 8 4 6 1 1 9 2 2 10 14 16
3 5 4 9 8 2 6 1 7 9 2 9 2 9 10 16
3 5 4 2 9 1 10 16
3 5 4 9 8 2 7 6 1 9 9 2 9 9 2 11 16
3 5 4 7 6 9 2 8 8 1 1 2 9 10 16
3 5 4 9 2 8 7 6 1 9 2 10 14 16
3 5 4 2 8 9 6 1 7 11 16
3 5 4 9 2 8 7 6 1 2 1 2 10 16
3 5 4 7 6 2 9 8 1 9 9 9 2 1 9 2 2 10 16
3 5 4 7 6 8 9 2 1 9 2 1 2 9 2 10 16
3 5 4 9 2 8 7 6 1 9 9 2 2 9 2 9 9 2 9 2 16
3 7 5 4 6 9 8 2 1 9 8 2 9 2 10 14 16
3 5 4 7 6 9 8 2 1 9 2 10 16
3 5 4 8 2 9 7 6 1 10 14 16
3 5 4 8 2 9 7 6 1 2 9 2 1 2 9 2 2 9 9 2 16
3 5 4 7 6 2 8 9 1 2 9 10 16
3 7 4 6 5 8 9 2 1 9 2 10 16
3 5 4 9 8 2 7 6 1 9 2 2 2 9 9 2 10 14 2 8 16
3 5 4 9 2 8 7 6 1 9 2 2 10 16
3 5 4 9 2 8 7 8 9 2 6 1 10 16
3 5 4 7 9 8 2 6 1 1 2 9 10 16
3 5 4 8 9 2 7 6 1 10 16
3 5 4 8 2 9 7 6 1 16
3 5 4 9 2 8 7 6 1 9 2 16
3 5 4 2 8 9 7 6 9 2 8 16
3 5 4 7 6 2 9 8 1 9 8 1 9 2 16
3 5 4 8 9 2 6 16
3 5 4 9 2 8 7 6 1 1 2 9 16
3 5 4 9 2 8 8 7 6 2 9 8 16
3 5 4 2 9 7 6 16
3 5 9 8 2 16
3 5 4 2 8 9 7 6 16
3 5 4 7 9 2 8 6 16
3 5 4 8 9 2 7 6 16
3 5 4 8 9 2 6 16
3 5 4 9 2 8 7 6 16
3 5 4 7 6 2 8 9 16
3 5 4 8 9 2 7 6 1 9 2 1 9 2 8 2 9 1 9 16
3 5 4 7 2 8 9 6 16
3 5 4 2 8 9 16
3 5 4 8 9 2 6 16
3 5 4 8 2 9 7 6 16
3 5 4 8 9 2 7 6 16
3 5 4 9 2 8 6 16
3 5 4 8 2 9 7 6 2 8 9 16
3 5 2 8 9 7 1 4 6 16
3 5 4 9 2 8 6 7 16
3 5 9 2 8 7 6 16
3 5 4 8 2 9 7 6 16
3 5 4 7 8 2 9 6 1 9 2 16
3 5 4 7 2 8 9 6 1 2 9 2 2 16
3 9 2 8 5 4 6 1 1 9 2 1 16
3 5 4 9 2 8 7 6 16
3 5 4 9 8 2 7 6 1 2 9 9 2 16
3 5 4 1 2 9 16
3 5 4 7 8 9 2 6 16
3 5 4 9 8 2 6 16
3 5 4 7 2 9 8 6 1 9 1 2 8 9 8 2 9 8 16
3 5 4 9 2 8 7 6 1 16
3 5 4 9 2 8 6 1 2 9 16
3 5 4 7 6 9 2 2 9 8 16
3 2 9 5 4 7 6 16
3 9 2 8 5 4 6 16
3 5 7 6 2 8 9 16
3 5 4 2 9 8 7 6 16
3 5 4 7 6 2 9 8 16
3 5 4 7 6 9 8 2 16
3 5 4 7 6 8 9 2 1 1 16
3 5 4 9 2 8 7 6 1 9 2 1 9 2 2 2 9 9 2 9 16
3 5 4 7 6 8 9 2 16
3 5 4 9 8 2 7 6 16
3 5 4 6 1 2 9 1 2 9 1 16
3 5 4 7 8 9 2 6 1 16
3 5 4 9 2 8 7 6 1 16
3 7 5 4 9 2 8 6 16
3 5 2 8 9 4 7 6 16
3 5 4 7 6 9 8 2 16
3 5 4 9 8 2 6 7 16
3 5 4 2 9 7 6 16
3 5 4 9 2 16
3 7 5 4 6 2 8 9 16
3 5 4 8 9 2 7 6 16
3 5 4 7 9 2 6 1 16
3 5 4 7 6 2 9 8 16
3 5 4 9 2 8 6 7 16
3 5 4 8 9 2 6 7 1 16
3 5 4 7 6 2 8 9 16
3 5 4 8 9 2 6 16
3 5 2 8 9 4 16
3 5 4 9 2 8 7 6 1 2 16
3 5 4 9 2 8 7 6 16
3 5 4 7 9 2 8 6 16
3 5 4 9 8 2 1 1 16
3 5 4 8 9 2 7 6 1 1 2 9 2 16
3 5 4 9 2 1 16
3 5 2 9 8 4 7 6 1 16
3 5 4 7 9 8 2 6 1 16
3 5 4 2 9 8 6 7 1 8 2 9 16
3 5 4 8 9 2 7 6 16
3 5 4 2 9 16
3 5 4 2 9 8 7 6 16
3 5 4 7 6 2 9 8 1 16
3 5 4 9 8 2 16
3 5 4 7 8 9 2 6 16
3 5 4 7 6 2 9 8 16
3 5 4 7 6 16
3 5 4 9 8 2 6 8 16
