12 15 16 19 20 21 22 25 26 30 30 89 33 37 38 39 51 52 54 58 57 59 224 62 64 70 84 85 144 156 86 88 97 99 100 107 108 294
12 18 26 15 16 17 19 20 21 22 25 30 145 150 152 30 144 149 151 156 33 37 38 153 155 39 294
12 18 26 30 43 100 89 15 16 17 19 22 25 30 33 37 38 40 42 51 52 59 20 144 156 54 57 224 63 62 64 70 84 85 86 88 97 99 107 108 294
12 15 16 19 20 21 26 22 25 30 30 144 156 33 37 38 39 51 52 54 57 58 59 224 62 64 70 84 89 85 86 88 97 100 108 99 107 1 10 111 294
12 15 16 19 22 25 26 30 30 100 43 89 108 33 37 38 40 42 51 52 59 20 144 156 54 57 224 62 63 64 70 84 85 86 88 97 99 107 1 294
12 43 18 26 30 15 16 17 19 22 25 156 30 33 37 38 40 42 20 144 51 52 59 54 57 224 63 62 64 70 84 85 86 100 89 88 108 97 99 107 1 110 10 294
12 18 43 26 15 16 17 19 22 25 30 30 33 38 20 156 37 40 42 89 51 52 59 54 57 224 225 226 63 62 64 70 84 85 144 86 88 97 99 100 107 108 294
12 43 26 15 16 19 22 25 30 89 100 30 33 37 38 40 42 20 144 156 51 52 59 54 57 224 63 62 64 70 84 85 86 88 97 99 107 108 294
12 100 89 43 26 15 16 19 22 25 30 30 108 33 37 38 20 144 156 40 42 51 52 59 54 57 224 62 63 64 70 84 85 86 88 97 99 107 294
18 12 15 16 17 43 26 19 22 25 30 30 33 38 20 144 156 37 40 100 89 42 51 52 59 54 57 224 62 63 64 70 84 85 86 88 97 99 107 108 1 10 111 294
12 18 43 26 15 16 17 19 22 25 30 108 100 89 156 30 33 37 38 40 42 51 52 59 54 57 20 144 224 62 63 64 70 84 85 86 88 97 99 107 294
12 26 43 15 16 19 22 25 30 30 100 89 33 37 38 40 42 51 52 59 54 57 224 62 63 64 20 144 156 70 84 85 86 88 97 99 107 108 294
12 26 43 15 16 19 22 25 30 100 89 30 33 37 38 40 42 51 52 59 20 144 156 54 57 224 63 62 64 70 84 85 86 88 97 99 107 108 294
12 43 26 15 16 19 22 25 30 30 33 38 20 144 156 37 40 42 51 52 59 54 57 224 62 63 64 70 84 85 86 89 88 100 97 99 107 108 294
43 30 12 26 18 15 16 17 19 22 25 108 100 89 156 30 33 37 38 40 42 51 52 59 20 144 54 57 224 62 63 64 70 84 85 86 88 97 99 107 1 294
12 26 43 18 15 16 17 19 22 30 89 100 25 156 30 33 37 38 40 42 51 52 59 20 144 54 57 224 62 63 64 70 84 85 86 88 97 99 107 108 294
12 18 43 26 15 16 17 19 22 25 30 89 100 30 33 37 38 40 42 51 52 59 54 57 224 63 62 64 70 20 144 156 84 85 86 88 97 99 107 108 294
12 18 15 16 17 19 22 25 43 26 30 30 33 37 38 40 42 51 52 59 54 57 224 63 62 64 70 84 85 20 144 156 86 89 88 97 99 100 107 108 294
12 43 26 15 16 19 22 25 30 30 89 100 33 37 38 40 42 51 52 59 54 57 224 62 63 20 144 156 64 70 84 85 86 88 97 99 107 108 294
12 15 16 19 294
12 15 16 19 26 22 25 30 30 33 38 20 144 156 37 40 89 43 42 51 52 59 54 57 224 63 62 64 70 84 85 86 88 97 99 100 107 108 294
12 15 16 19 26 43 22 25 30 20 38 33 144 156 37 40 42 51 52 59 54 57 224 63 62 64 70 84 85 86 30 89 88 97 99 100 107 108 1 10 111 294
12 15 16 19 22 30 43 26 25 156 30 33 38 20 144 37 40 42 51 52 59 54 57 224 225 226 62 63 64 70 71 74 73 76 100 81 240 89 77 78 79 83 230 231 236 237 239 244 84 85 86 88 97 294
145 12 152 150 18 26 15 16 17 19 22 25 30 30 156 33 144 149 151 155 153 294
12 18 43 26 15 16 17 19 22 25 30 89 100 33 37 38 40 42 51 52 59 54 57 224 62 63 64 20 144 156 70 84 85 86 88 97 99 107 30 108 294
12 18 26 15 16 17 19 22 25 30 30 49 20 38 33 37 40 48 294
12 26 30 76 49 81 15 16 19 22 135 136 139 25 28 30 33 38 20 144 156 37 40 48 51 52 59 54 57 224 63 62 64 71 74 73 77 78 83 230 231 237 236 239 240 232 89 244 84 85 86 88 97 294
145 150 18 26 152 12 15 16 17 19 22 25 30 30 144 149 151 153 155 294
18 26 12 15 16 17 19 22 25 30 30 33 38 20 144 37 40 43 156 42 51 52 59 54 57 224 62 63 64 70 84 85 86 89 88 100 97 99 107 108 1 10 111 294
12 18 26 15 16 17 19 22 135 136 139 25 28 30 30 33 38 20 144 36 40 48 53 191 59 54 47 224 62 56 64 71 63 156 73 74 76 77 78 81 83 230 231 236 237 239 240 232 244 254 85 89 86 294
12 30 26 15 16 19 22 25 30 176 159 156 158 160 169 170 171 43 33 37 20 38 40 42 51 52 59 54 57 224 63 62 177 178 144 64 70 84 85 86 88 89 100 97 99 107 108 1 10 111 294
12 26 18 15 16 17 19 22 25 30 30 43 33 37 38 40 42 51 52 59 20 144 156 54 57 224 63 62 64 70 84 85 86 89 88 100 108 97 99 107 1 294
12 26 18 43 30 89 100 15 16 17 19 22 25 156 30 33 37 38 40 42 51 52 59 20 144 54 57 224 62 63 64 70 84 85 86 88 97 99 107 108 294
18 43 26 30 12 89 100 15 16 17 19 22 25 156 30 33 37 38 40 42 51 52 59 20 144 54 57 224 63 62 64 70 84 85 86 88 97 99 107 108 294
12 30 26 15 16 19 22 135 136 139 25 28 30 33 38 20 144 156 37 40 42 61 41 59 47 54 224 64 70 62 57 63 84 85 86 88 89 97 99 100 107 108 1 10 294
145 150 152 12 30 26 15 16 19 22 135 136 139 25 28 30 144 149 151 155 153 294
12 18 15 16 17 19 22 135 136 139 25 26 76 232 240 81 49 30 28 156 30 33 37 38 144 20 40 48 51 52 59 54 57 224 62 63 64 71 73 74 77 78 83 230 231 237 236 239 244 84 85 86 89 294
12 15 16 19 26 22 25 30 43 33 37 38 40 42 20 144 156 51 52 59 54 57 224 63 62 64 70 84 85 86 30 89 100 88 97 99 108 107 1 10 111 294
12 30 15 16 19 22 25 26 30 43 33 38 20 144 37 40 42 51 52 59 54 57 224 63 62 64 70 84 156 85 86 89 88 97 99 100 107 108 1 10 111 294
12 26 15 16 19 22 25 30 43 30 33 38 20 144 156 37 40 42 51 52 59 54 57 224 63 62 64 70 84 85 86 89 88 97 99 100 108 107 1 294
12 26 15 16 19 22 43 30 89 100 25 156 30 33 38 20 144 37 40 42 51 52 59 54 57 224 63 62 64 70 84 85 86 88 97 99 107 108 294
43 30 26 12 18 15 16 17 19 22 25 89 108 100 156 30 33 37 38 40 42 51 52 20 144 54 57 59 224 63 62 64 70 84 85 86 88 97 99 107 1 110 10 294
12 89 100 43 26 15 16 19 22 25 156 33 38 20 144 37 40 42 51 52 30 59 54 57 224 62 63 64 70 84 85 86 88 97 99 107 30 108 294
12 26 89 100 108 30 43 15 16 19 22 25 30 33 37 38 40 42 51 52 59 20 144 156 54 57 224 63 62 64 70 84 85 86 88 97 99 107 1 10 118 294
12 30 26 15 16 19 22 134 135 136 139 25 28 30 145 150 152 144 149 151 155 110 111 294
12 26 89 15 16 19 22 134 135 136 139 25 30 33 38 20 144 156 109 37 40 51 52 52 59 54 57 60 224 63 62 64 70 84 85 86 88 99 100 30 108 107 1 294
18 26 12 15 16 17 19 22 25 30 89 33 38 20 144 156 109 37 40 51 52 52 59 54 57 60 224 63 62 64 70 84 85 86 88 99 100 30 108 107 1 294
12 15 16 19 22 25 30 26 33 38 20 144 156 109 37 40 51 52 52 59 54 57 60 224 62 63 64 70 84 85 86 89 88 99 100 30 108 107 1 294
12 15 16 294
12 15 16 17 18 26 30 89 19 22 25 30 33 38 20 144 109 156 37 40 51 52 52 59 57 54 60 224 62 63 64 70 84 85 86 88 99 100 108 107 1 294
12 26 15 16 19 22 25 30 30 33 38 20 144 156 109 37 40 51 52 52 59 54 57 60 224 63 62 64 70 84 85 86 89 100 88 99 107 108 1 294
145 110 150 12 152 26 15 16 19 22 25 30 30 144 149 151 155 111 294
12 26 15 16 19 22 25 30 30 89 100 108 33 37 38 40 20 144 156 109 51 52 52 59 54 57 60 224 63 62 64 70 84 85 86 88 99 107 1 294
12 26 89 15 16 19 22 25 109 30 33 38 20 144 156 37 40 51 52 52 59 54 57 60 224 63 62 64 70 84 85 86 88 99 107 1 100 108 30 4 5 6 7 294
12 26 15 16 19 22 25 30 43 33 37 38 20 144 156 109 40 51 52 52 42 59 54 57 60 224 63 62 64 70 84 85 86 100 89 88 99 30 108 107 1 294
12 26 15 16 19 22 25 30 30 38 20 144 109 33 37 40 51 52 52 59 54 57 60 224 62 63 156 64 70 84 85 86 89 88 99 100 107 108 1 294
12 26 18 15 16 17 19 22 25 30 100 89 30 33 38 20 144 156 109 37 40 51 52 52 54 59 57 60 224 62 63 64 70 84 85 86 108 88 99 107 1 6 4 5 7 294
12 18 15 16 17 19 22 25 30 26 30 33 38 20 144 156 109 37 40 51 52 52 59 54 57 60 224 63 62 64 70 84 85 86 100 89 88 99 107 108 1 294
12 26 163 176 15 16 19 22 25 156 157 161 164 171 152 114 150 144 145 149 151 154 294
12 26 15 16 19 22 25 30 30 33 37 38 20 144 156 109 40 51 52 89 52 59 54 57 60 224 62 63 64 70 84 85 86 88 99 100 108 107 1 294
12 15 16 19 294
12 18 26 15 16 17 19 22 25 30 38 20 144 109 33 37 40 30 89 156 51 52 52 59 54 57 60 224 63 62 64 70 84 85 86 88 99 100 107 108 1 294
12 26 18 15 16 17 19 22 25 30 30 100 89 33 38 20 144 156 109 37 40 51 52 52 59 54 57 60 224 62 63 64 70 84 85 86 88 99 107 108 1 294
12 26 15 16 19 22 134 135 136 139 25 30 30 89 20 144 33 38 156 109 37 40 51 52 52 59 54 57 60 224 62 63 64 70 84 85 86 88 99 100 107 108 10 1 294
12 15 16 17 26 18 19 22 25 30 30 89 100 33 38 20 144 156 109 37 40 51 52 52 59 54 57 60 224 63 62 64 70 84 85 86 88 99 107 108 1 294
18 26 12 15 16 17 19 22 25 30 33 38 20 144 156 109 37 40 51 52 52 59 54 57 60 224 63 62 64 70 84 85 86 30 89 88 99 100 107 108 1 294
12 15 16 17 18 19 22 134 135 136 139 25 26 30 76 81 28 132 30 33 38 144 156 179 37 40 41 47 51 59 54 57 60 224 62 63 64 71 73 74 77 78 83 230 237 236 239 240 232 234 244 250 253 294
12 15 26 18 16 17 19 22 25 30 109 30 33 38 20 144 156 37 40 51 52 52 59 54 57 60 224 63 62 64 70 84 85 86 89 88 99 100 108 107 1 294
12 18 26 15 16 17 19 22 25 30 30 33 38 20 144 156 109 37 40 51 52 52 59 54 57 60 224 62 63 64 70 84 85 86 89 88 99 100 107 108 1 294
12 26 15 16 19 22 25 30 30 89 100 33 38 20 144 156 109 37 40 51 52 52 59 54 57 60 224 62 63 64 70 84 85 86 88 99 107 108 1 294
12 26 18 15 16 17 19 22 25 30 89 30 33 38 20 144 156 109 37 40 51 52 52 59 54 57 60 224 62 63 64 70 84 85 86 88 99 100 107 108 1 294
12 26 15 16 19 22 25 30 89 30 33 38 20 144 156 109 37 40 51 52 52 54 59 57 60 224 63 62 64 70 84 85 86 88 99 100 107 108 1 294
12 18 26 15 16 17 19 22 25 30 30 89 110 100 108 33 38 20 144 156 109 37 40 51 52 52 59 54 57 60 224 62 63 64 70 84 85 86 88 99 107 1 10 111 294
12 18 26 15 16 17 19 22 25 109 30 30 33 37 38 40 51 52 20 144 156 52 59 54 57 60 224 63 62 64 70 84 85 86 88 100 89 99 107 108 294
12 18 15 16 17 19 22 25 30 26 30 89 156 33 38 20 144 109 37 40 51 52 52 59 54 57 60 224 63 62 64 70 84 85 86 88 99 100 107 108 1 294
254 26 18 12 15 16 17 19 22 25 30 30 33 38 20 144 156 256 109 37 40 51 52 52 59 54 57 60 224 62 63 64 70 84 259 257 255 258 260 261 85 86 89 88 99 100 107 108 1 294
12 18 110 89 100 26 15 16 17 19 22 25 30 30 108 33 38 20 144 156 109 37 40 51 52 52 59 54 57 60 224 62 63 64 70 84 85 86 88 99 107 1 10 111 294
12 18 26 15 16 17 19 22 25 30 33 38 20 144 156 109 37 40 51 52 89 52 59 54 57 60 224 62 63 64 70 84 85 86 88 99 100 107 30 108 1 294
12 26 18 15 16 17 19 22 25 30 33 38 20 144 156 109 37 40 51 52 52 59 54 57 60 224 63 62 64 70 84 85 86 30 89 88 99 100 107 108 1 294
12 26 15 16 19 22 25 30 30 33 37 38 20 144 156 109 40 51 52 52 59 54 57 60 224 63 62 64 70 84 85 86 89 88 99 100 107 108 1 294
26 18 12 15 16 17 19 22 25 30 33 38 20 144 37 40 109 51 52 52 59 54 57 60 224 62 63 64 70 84 156 85 86 30 89 100 88 99 107 108 1 294
26 12 31 100 89 108 132 144 15 265 16 19 20 22 25 33 37 179 156 40 41 51 47 54 60 224 64 70 63 57 62 84 85 86 88 96 99 107 1 294
12 15 30 16 19 22 25 30 145 26 152 150 110 144 149 151 155 110 294
12 18 26 15 16 17 19 22 25 38 20 144 156 109 33 37 40 51 52 30 89 52 30 59 54 57 60 224 62 63 64 70 84 85 86 88 99 100 107 108 1 294
12 15 16 19 22 25 26 30 38 20 144 156 109 33 37 40 51 52 30 89 52 59 54 57 60 224 62 63 64 70 84 85 86 88 99 100 107 108 1 294
254 12 15 16 19 26 22 25 30 30 33 37 38 20 144 156 109 40 41 47 51 59 54 57 60 224 63 62 64 70 84 259 257 255 256 258 260 261 85 86 88 89 99 100 107 108 1 294
12 15 26 16 19 22 25 30 30 38 20 144 156 109 33 37 40 51 52 52 59 54 57 60 224 62 63 64 70 84 85 86 89 88 99 100 107 108 1 294
18 12 15 16 17 19 22 25 109 30 26 30 33 38 20 144 156 37 40 51 52 52 59 54 57 60 224 62 63 64 70 84 85 86 89 88 99 100 107 108 1 10 294
12 26 15 16 19 22 25 30 30 89 100 110 108 33 38 20 144 156 109 37 40 41 47 51 59 54 57 60 224 62 63 64 70 84 85 86 88 99 107 1 10 111 294
12 18 26 15 16 17 19 22 25 30 10 89 100 30 38 20 144 156 109 33 37 40 51 52 52 59 54 57 60 224 62 63 64 70 84 85 86 88 99 107 108 110 1 111 294
12 26 15 16 19 22 25 30 30 33 38 20 144 156 109 37 40 41 47 51 59 54 57 60 224 63 62 64 70 84 85 86 88 89 100 99 107 108 1 294
12 18 26 256 89 100 16 19 20 22 179 156 31 40 25 15 17 33 37 41 51 60 224 64 70 84 257 259 254 54 57 47 255 63 62 265 132 144 262 85 258 260 86 88 261 99 96 107 108 1 294
12 145 150 26 152 15 16 19 22 134 135 136 139 140 143 25 28 144 149 151 155 294
12 18 26 15 16 17 19 22 25 30 30 38 20 144 109 33 156 37 40 51 52 52 59 54 57 60 224 63 62 64 70 84 85 86 89 88 99 100 107 108 1 294
12 26 270 114 13 14 16 132 125 20 15 134 25 31 33 37 40 227 51 47 119 54 265 267 269 271 118 294
12 26 30 89 100 108 16 19 22 38 20 144 156 109 40 51 51 59 60 224 64 70 84 85 63 25 62 86 54 30 88 47 99 33 15 57 37 107 1 294
12 18 26 145 15 132 16 17 19 20 22 25 33 37 40 41 47 51 265 144 179 149 150 155 110 111 294
12 15 16 19 30 22 134 135 136 139 26 25 28 132 30 150 144 145 149 151 114 114 152 179 156 38 154 118 294
12 15 16 19 26 22 25 30 30 33 37 38 20 144 156 109 40 41 47 51 59 54 57 60 224 63 62 64 70 84 85 86 88 89 99 100 107 108 1 294
26 18 12 256 89 16 19 20 22 179 156 31 40 41 51 289 60 224 64 47 63 25 33 15 62 57 17 54 37 70 84 257 259 254 262 85 258 261 86 88 260 255 265 132 144 96 99 100 107 108 1 294
26 12 15 16 19 22 25 30 33 38 20 144 156 109 37 40 51 52 52 59 54 57 60 224 62 63 64 70 84 85 86 89 100 88 99 107 108 30 1 294
12 26 31 89 100 108 132 144 15 265 16 19 20 22 25 33 37 40 41 51 47 179 156 54 289 60 224 64 70 57 62 63 84 85 86 88 96 99 107 1 294
12 15 16 17 18 19 22 25 26 265 132 20 144 33 37 40 41 47 294
12 16 19 20 22 135 136 139 15 265 132 144 25 26 31 28 38 33 37 40 179 41 51 47 59 289 54 60 224 64 71 57 62 63 156 73 74 75 81 83 230 236 237 239 240 232 234 244 250 251 252 253 84 294
12 132 15 16 19 20 22 25 26 31 156 157 161 163 164 171 176 265 144 33 179 37 40 41 51 47 54 289 60 224 57 62 64 70 63 84 85 86 88 89 96 99 100 107 108 1 294
12 15 132 16 19 20 22 25 26 31 265 144 179 33 37 40 41 47 51 54 289 57 60 224 62 63 64 70 84 85 86 88 89 96 99 100 107 108 1 294
12 18 26 145 16 132 19 20 22 31 33 15 25 17 144 150 149 155 294
12 26 132 15 16 17 18 265 144 19 20 22 25 33 37 40 41 47 51 179 156 54 57 60 224 62 63 64 70 84 85 86 88 89 96 99 100 31 108 107 1 294
12 15 132 144 265 16 17 18 19 20 22 25 26 33 37 40 41 47 179 156 51 54 289 57 60 224 63 62 64 70 84 85 86 89 88 96 99 100 107 31 108 1 294
12 132 15 16 19 20 22 25 26 265 144 179 156 33 37 40 41 47 51 54 57 60 224 62 63 64 70 84 85 86 89 88 96 99 100 107 31 108 1 294
12 132 15 16 19 20 22 25 26 31 89 108 100 265 144 179 156 33 37 40 41 51 47 54 60 224 64 70 63 57 62 84 85 86 88 96 99 107 1 10 110 111 294
12 26 132 15 16 265 144 19 20 22 25 179 156 33 37 40 41 47 51 54 57 60 224 62 63 64 70 84 85 86 88 89 96 100 99 107 31 108 1 294
12 18 31 16 19 17 15 132 20 22 265 25 26 179 33 37 40 144 156 41 51 47 289 54 57 60 224 62 63 64 70 84 85 86 88 89 96 99 100 107 108 1 294
12 26 89 100 16 20 19 22 179 156 31 37 25 33 15 265 132 144 40 41 51 60 224 64 70 84 85 47 88 57 63 54 62 99 86 96 107 108 1 294
12 26 16 19 20 22 179 156 31 25 15 265 132 144 33 37 40 41 47 51 54 289 57 60 224 63 62 64 70 84 85 86 89 88 96 100 99 107 108 1 294
12 15 132 16 19 20 22 135 136 139 140 142 143 26 25 28 31 145 110 144 150 149 155 111 294
12 15 132 16 19 20 265 144 22 25 26 179 31 33 37 40 156 41 47 51 54 57 289 60 224 62 63 64 70 84 85 86 88 89 96 99 100 107 108 1 294
12 132 15 16 265 144 19 20 22 25 26 31 179 156 33 37 40 41 47 51 54 289 57 60 224 63 62 64 70 84 85 86 89 88 96 99 100 108 107 1 294
254 12 15 132 16 19 20 22 26 25 179 265 33 37 40 41 47 51 144 289 54 57 60 224 62 63 64 70 84 259 257 255 256 258 260 261 262 85 86 156 31 89 88 96 99 100 107 108 1 294
12 15 132 16 17 270 110 265 269 278 111 294
12 18 26 89 100 16 19 20 22 179 31 40 41 51 60 224 37 15 57 17 54 62 63 33 47 25 265 132 144 64 70 84 85 99 86 88 96 107 108 1 294
12 18 25 16 265 132 144 19 20 22 17 15 26 179 180 181 182 33 40 36 191 47 51 187 188 190 189 31 55 56 50 224 64 70 63 62 254 85 86 91 89 96 99 100 108 107 1 10 294
12 18 26 81 16 19 20 22 15 17 265 132 144 135 136 139 140 143 28 179 156 31 38 40 41 51 289 59 60 224 64 54 62 25 57 33 63 47 37 71 73 74 75 83 230 236 237 239 240 232 234 244 250 294
12 26 16 19 20 22 135 136 139 140 143 28 179 156 31 38 40 41 51 59 60 224 64 33 15 25 57 54 47 73 62 37 63 71 74 265 132 75 81 83 230 236 237 239 240 232 234 145 144 149 150 155 110 294
12 132 15 16 17 18 19 20 22 135 136 139 26 25 28 31 265 144 179 33 37 38 40 41 51 47 59 289 54 60 224 64 57 63 71 62 73 74 75 81 83 230 236 237 239 240 234 232 244 250 84 86 88 294
12 132 15 16 19 20 265 22 25 26 31 100 89 108 144 179 156 33 37 40 41 51 47 54 60 224 64 70 62 63 57 84 85 88 86 96 99 107 1 10 110 111 294
12 132 15 16 17 18 19 20 100 89 108 31 22 25 26 265 144 179 156 33 37 40 41 51 47 54 289 60 224 64 70 62 57 63 84 85 86 88 96 99 107 1 10 110 111 294
12 18 26 89 16 19 20 22 15 17 265 132 144 179 31 40 41 51 60 224 64 70 84 85 88 37 63 57 54 25 86 33 47 62 96 99 100 107 108 1 294
12 132 15 16 19 20 22 25 26 31 265 144 179 156 33 37 40 41 51 47 54 60 224 62 57 64 70 63 84 85 86 88 89 96 99 100 107 108 1 294
12 89 100 31 108 15 132 144 265 16 19 20 22 25 26 33 179 156 37 40 41 51 47 54 60 224 64 70 63 57 62 84 85 86 88 96 99 107 1 10 110 111 294
12 15 132 16 19 20 265 22 31 144 25 26 179 156 33 37 40 41 51 47 54 60 224 64 70 57 62 63 84 85 86 88 89 96 99 100 107 108 1 294
12 15 132 16 19 20 22 26 25 31 89 100 265 144 179 156 33 37 40 41 51 47 54 60 224 64 70 63 62 57 84 85 86 88 96 99 107 108 1 294
12 132 15 16 19 20 22 25 26 31 265 144 179 33 37 40 41 47 51 54 60 224 64 70 63 57 62 84 85 86 156 88 89 96 99 100 107 108 1 294
12 16 132 19 20 22 15 26 25 265 144 179 156 33 37 40 41 51 47 54 60 224 64 70 62 57 63 84 85 86 88 89 96 100 99 107 31 108 1 294
12 132 15 16 19 20 22 25 145 150 110 144 149 155 111 294
12 132 15 16 19 20 22 26 25 265 144 179 156 33 37 40 41 51 47 54 289 60 224 64 70 63 57 62 84 85 86 31 88 89 96 99 100 107 108 1 294
12 16 132 144 15 265 269 294
12 26 89 100 108 16 265 132 144 19 20 22 179 156 31 40 41 51 60 224 64 70 84 85 57 62 25 88 86 47 63 96 33 54 37 15 99 107 1 294
12 132 144 15 16 19 20 22 25 26 31 265 179 156 33 37 40 41 51 47 289 54 60 224 64 62 57 63 70 84 85 86 89 88 96 99 100 107 108 1 294
12 15 132 144 16 17 18 19 20 22 26 25 265 179 156 33 37 40 41 51 47 54 60 224 64 70 57 63 62 84 85 86 31 89 88 96 99 100 107 108 1 294
12 132 144 15 16 17 18 19 20 22 135 136 139 26 25 28 38 265 33 37 40 41 51 47 59 289 54 60 224 64 57 63 62 71 73 74 75 81 83 230 232 236 237 240 239 31 234 244 250 84 86 89 88 294
12 15 132 144 16 19 20 22 25 26 265 179 156 33 37 40 41 51 47 54 60 224 64 70 63 62 57 84 85 86 31 89 88 96 99 100 107 108 1 294
12 26 81 81 16 19 20 22 135 136 139 15 265 132 144 28 179 156 31 38 25 33 37 40 41 51 59 47 54 60 224 64 71 63 57 62 73 74 75 83 59 54 60 224 64 63 71 57 62 74 73 75 83 294
12 26 13 16 132 125 20 15 134 25 31 33 37 40 227 51 47 54 144 145 149 150 114 154 118 294
12 15 132 144 16 17 18 19 20 22 25 26 31 265 179 156 33 37 40 41 51 47 289 60 54 57 224 64 70 62 63 84 108 85 86 89 88 96 100 99 107 1 294
12 31 16 265 19 20 15 132 144 22 25 26 33 37 40 41 51 47 54 156 157 161 164 163 171 176 57 60 224 64 70 62 63 179 84 85 86 88 89 96 99 100 107 108 1 6 4 5 7 8 294
12 89 26 100 132 144 15 265 16 19 20 22 25 33 179 156 37 40 41 51 47 54 60 224 64 70 57 63 62 84 85 86 88 96 99 107 31 108 1 10 110 111 294
12 15 132 144 16 18 17 19 20 294
12 26 15 132 144 265 16 19 20 22 25 179 156 33 37 40 41 51 47 289 54 60 224 64 70 62 57 63 84 85 86 88 89 96 99 100 107 31 108 1 294
12 15 132 144 16 19 20 22 26 25 265 179 156 33 37 40 41 51 47 289 54 31 60 224 57 63 62 64 70 84 85 86 114 88 89 96 99 100 107 108 10 1 118 294
12 15 132 144 16 19 20 22 26 25 265 179 33 37 40 41 51 47 54 31 289 57 60 224 64 70 62 63 84 156 85 86 114 88 89 96 99 100 107 108 1 10 118 294
12 132 144 15 16 19 20 22 25 26 89 100 31 265 179 156 33 37 40 41 51 47 54 60 224 64 70 57 62 63 84 85 86 88 96 99 107 108 1 10 110 111 294
12 132 144 15 16 19 20 22 25 26 31 265 179 156 33 37 40 41 51 47 54 60 224 64 70 57 62 63 84 85 86 88 89 96 100 99 107 108 1 294
12 132 144 15 16 19 20 22 26 25 31 265 179 156 33 37 40 41 51 47 54 60 57 224 64 70 63 62 84 85 86 88 89 96 99 100 107 108 1 294
12 26 31 145 16 15 132 265 19 22 25 144 150 149 110 155 111 294
12 132 144 15 16 17 18 19 20 22 25 26 31 265 179 156 33 37 40 41 51 47 54 289 60 224 64 70 63 57 62 84 85 86 88 89 96 100 99 108 107 1 294
12 16 132 144 19 20 15 265 22 26 25 31 179 33 37 40 41 51 47 54 289 60 224 64 70 63 62 57 84 85 86 88 89 96 99 100 107 108 1 294
12 16 132 144 19 20 15 22 26 25 94 100 108 179 156 31 33 265 37 40 227 51 47 54 60 224 64 70 63 57 62 254 85 86 88 96 99 107 1 294
12 15 16 132 144 19 20 22 26 25 265 179 33 37 40 31 41 47 51 54 289 60 224 63 62 57 64 70 156 157 161 164 163 176 171 84 85 86 114 88 94 96 99 100 107 108 10 1 118 294
12 15 16 132 144 19 20 22 25 26 31 294
12 15 16 132 144 19 20 265 22 31 25 26 179 156 33 37 40 41 51 47 54 60 224 64 70 63 62 57 84 85 86 89 88 96 99 100 107 108 1 294
12 16 132 19 20 15 22 25 26 89 100 31 108 265 144 179 156 33 37 40 41 51 47 54 57 60 224 64 70 63 62 84 85 86 88 96 99 107 1 10 110 111 294
12 15 16 132 19 20 22 25 26 265 144 179 156 33 37 40 41 51 47 289 54 57 60 224 64 70 62 63 84 85 86 31 114 88 89 96 99 100 107 108 1 10 118 294
12 16 132 19 20 15 265 269 270 110 278 111 294
12 16 132 19 20 15 22 25 26 31 156 157 161 164 163 171 176 265 144 179 33 37 40 227 51 47 54 60 224 64 70 57 62 63 254 85 86 88 94 96 99 100 107 108 1 294
12 16 132 19 20 15 22 26 25 31 294
94 100 12 15 16 132 19 20 22 25 26 108 265 144 179 156 31 33 37 40 227 51 47 54 60 224 64 70 62 57 63 254 85 86 88 96 99 107 1 294
12 16 132 19 20 15 22 26 25 31 265 144 269 179 156 33 37 40 41 51 47 54 60 224 64 70 57 63 62 84 85 86 88 89 96 100 99 107 108 1 294
12 15 16 132 19 20 265 269 270 110 278 111 294
12 15 16 132 19 20 22 25 26 265 144 179 33 37 40 41 51 47 54 60 224 64 70 62 63 57 31 114 156 84 85 86 88 89 96 99 100 108 10 107 1 118 294
12 15 16 132 19 20 22 25 26 31 33 37 40 41 51 47 54 60 224 64 70 57 62 63 84 85 86 88 89 96 99 100 107 108 1 294
12 16 132 19 20 15 265 294
12 16 132 19 15 20 22 26 25 31 265 144 179 156 33 37 40 41 51 47 54 60 224 64 70 57 62 63 84 85 86 88 89 96 100 108 99 107 1 294
12 16 132 19 20 15 265 22 25 31 26 144 179 156 33 37 40 41 51 47 289 54 60 224 64 70 62 63 57 84 85 86 89 88 96 99 100 108 107 294
12 16 265 19 132 144 15 145 149 294
12 16 132 19 20 15 22 26 25 31 265 144 179 156 33 37 40 41 51 47 54 289 60 224 57 64 70 62 63 84 85 86 88 89 96 99 100 107 108 1 294
12 16 132 19 20 15 22 135 136 139 140 143 25 26 265 144 28 179 38 33 40 37 227 51 59 47 54 60 224 64 71 63 62 57 74 73 75 81 83 230 237 236 239 240 232 234 244 245 246 247 248 249 250 294
12 15 16 132 19 20 22 26 25 31 265 144 179 156 33 37 40 41 51 47 54 60 224 64 70 63 57 62 84 85 86 94 88 96 99 100 108 107 1 294
26 12 16 132 19 20 15 144 265 22 89 25 156 33 37 40 41 51 47 289 54 60 224 64 70 63 57 62 84 85 86 88 96 99 100 107 31 108 1 294
12 15 16 132 19 20 22 25 26 31 265 144 179 156 33 37 40 41 51 47 54 289 60 224 57 62 64 70 63 84 85 86 88 89 96 99 100 107 108 1 294
12 16 132 19 15 20 22 25 26 31 179 156 33 40 37 265 144 227 51 47 54 60 224 64 62 63 57 70 254 85 86 88 94 96 99 108 100 107 1 10 294
12 16 132 19 20 15 22 26 25 100 89 108 31 265 144 179 156 33 37 40 41 51 47 54 60 224 64 70 63 62 57 84 85 86 88 96 99 107 1 294
12 89 16 132 19 20 15 22 26 25 265 144 179 156 33 37 40 41 51 47 54 60 224 64 70 62 63 57 84 85 86 88 96 99 100 107 108 31 1 294
12 16 132 19 20 15 22 26 25 265 144 179 156 33 37 40 41 51 47 54 60 224 64 63 57 62 70 84 85 86 88 89 96 99 100 107 108 31 1 4 5 6 7 8 10 294
12 16 132 19 20 15 22 26 25 31 89 100 265 144 179 156 33 37 40 41 51 47 54 60 57 224 64 70 62 63 84 85 86 88 96 99 107 108 1 10 294
12 16 132 19 20 15 22 26 25 265 144 179 156 33 37 40 41 51 47 54 60 224 64 70 62 57 63 84 85 86 88 89 96 99 100 107 31 108 1 294
12 15 16 132 19 20 22 26 25 265 144 179 156 33 37 40 41 51 47 54 60 224 64 70 63 57 62 84 85 86 31 88 89 96 100 108 99 107 1 294
12 16 132 19 20 15 22 25 26 94 100 108 265 144 33 37 40 227 51 47 31 54 60 224 64 70 62 63 57 254 85 86 88 96 99 107 1 294
12 16 132 19 20 15 22 25 26 265 144 179 33 37 40 41 51 47 54 31 114 156 289 57 60 224 64 70 63 62 254 85 86 88 94 96 99 100 107 108 1 10 118 294
12 15 16 132 19 20 22 26 25 265 144 179 33 37 40 41 51 47 54 31 289 57 60 224 64 70 62 63 254 85 86 156 88 94 96 99 100 107 108 1 294
12 13 14 16 132 125 20 15 134 25 26 31 33 37 40 227 119 51 47 54 120 60 224 57 62 64 70 63 121 254 85 86 94 88 123 96 100 99 107 108 1 294
12 13 14 16 15 132 125 20 134 135 136 139 140 142 25 26 28 38 31 33 37 40 144 145 149 150 114 154 118 294
12 13 14 16 132 125 20 15 134 135 136 139 140 143 26 25 28 38 31 33 144 145 149 150 154 114 118 294
12 13 14 16 132 125 20 15 134 135 136 139 26 25 28 179 38 31 40 191 51 59 50 224 64 36 119 55 47 33 120 62 63 71 121 56 75 230 236 228 83 239 237 74 73 122 81 240 234 232 229 91 86 294
12 13 16 132 125 20 15 134 25 26 31 33 37 40 227 51 47 54 60 224 57 62 64 70 63 254 85 86 94 88 96 100 99 107 108 1 9 294
12 13 14 15 16 132 125 20 134 26 25 31 33 37 40 227 51 47 119 54 120 60 224 64 70 62 63 121 57 254 85 86 94 88 96 123 99 100 107 108 1 124 294
12 13 14 16 132 125 20 15 134 135 136 139 26 25 28 38 31 144 145 149 150 154 114 118 294
12 13 14 16 132 15 125 20 134 26 25 31 33 40 37 227 51 47 119 54 120 60 224 64 70 62 63 121 57 254 85 86 94 88 123 96 100 99 107 108 1 124 294
12 13 14 16 132 125 20 15 134 26 25 31 33 37 40 227 51 47 119 54 120 60 224 57 62 64 70 63 121 254 259 257 263 254 256 255 258 260 261 262 85 86 88 94 96 123 99 100 107 108 1 124 9 294
12 13 16 132 125 20 15 144 145 150 149 154 114 118 294
12 13 16 132 125 20 15 134 26 25 31 33 37 40 227 51 47 54 60 224 64 63 57 62 70 254 85 86 94 88 96 99 100 108 107 1 294
12 13 14 16 132 125 20 15 134 25 26 33 37 40 227 51 47 31 54 60 224 63 57 62 64 70 254 85 86 94 88 96 99 100 108 107 1 294
12 13 14 16 132 125 20 15 134 25 26 31 33 37 40 227 51 119 47 54 120 60 57 224 64 70 63 121 62 254 85 86 94 88 123 96 99 100 107 108 1 124 294
12 13 16 132 125 15 20 134 26 25 31 33 37 40 227 51 47 54 60 224 57 64 70 62 63 254 85 86 88 94 96 99 100 107 108 1 294
12 13 14 16 132 125 20 15 134 25 26 31 33 37 40 227 51 119 47 54 94 120 57 60 224 64 70 121 63 62 254 85 86 88 96 123 100 99 107 108 1 124 294
12 13 16 132 125 20 15 134 25 26 179 33 40 37 227 51 47 31 54 60 224 62 63 57 64 70 254 85 86 88 94 96 99 100 108 107 1 294
12 13 14 16 15 132 125 20 134 135 136 139 25 26 28 38 31 33 37 40 227 51 59 47 119 54 120 60 224 64 57 63 62 121 71 73 74 75 81 122 83 230 236 228 237 240 239 234 232 244 250 254 86 294
12 13 16 132 125 20 15 134 26 25 31 33 37 40 227 47 51 54 60 224 64 70 62 63 57 254 85 86 94 88 96 100 99 107 108 1 294
12 13 14 16 132 125 20 15 134 135 136 139 140 143 25 26 28 38 31 294
12 13 16 132 125 20 15 134 25 26 31 33 37 40 227 51 47 54 60 224 64 70 57 63 62 254 85 86 88 94 96 99 100 107 108 1 294
12 26 13 16 132 125 20 15 134 135 136 139 140 143 25 28 179 38 33 40 37 227 51 59 47 54 60 224 64 62 71 57 63 73 74 75 81 83 230 237 236 239 240 234 232 89 244 250 254 86 89 91 96 294
12 13 16 132 125 20 15 134 25 26 31 265 267 270 269 114 271 118 294
12 13 16 132 125 20 15 134 25 26 31 33 37 40 227 51 47 54 60 224 62 63 57 64 70 254 85 86 88 94 96 100 99 107 108 1 294
12 13 16 132 125 20 15 134 135 136 139 25 28 38 31 26 144 145 150 149 154 114 118 294
12 13 16 15 132 125 20 134 25 26 31 33 37 40 227 47 51 54 57 60 224 64 70 63 62 254 85 86 88 94 96 100 99 107 108 1 294
12 13 16 132 15 125 20 134 25 26 33 31 40 37 227 51 47 54 60 224 64 70 62 63 57 254 85 86 88 94 96 99 100 107 108 1 294
12 13 16 132 15 125 20 134 25 26 31 33 37 40 227 51 47 54 60 224 64 70 57 63 62 254 85 86 88 94 96 99 100 107 108 1 9 294
12 13 16 132 125 20 15 134 25 26 179 31 33 40 37 227 51 47 54 60 224 64 70 57 62 63 254 85 86 88 94 96 99 100 107 108 1 9 294
12 13 16 132 125 20 15 134 26 25 179 31 33 40 37 227 51 47 54 60 224 64 70 57 63 62 254 85 86 88 94 96 99 100 107 108 1 9 10 294
12 13 16 132 125 20 15 134 25 26 179 31 33 40 37 227 51 47 54 60 224 64 70 63 57 62 254 85 86 94 88 96 99 100 107 108 1 9 294
12 13 16 132 125 15 20 134 25 26 179 33 40 37 31 227 51 47 54 60 224 64 70 57 63 62 254 259 257 254 255 256 258 260 261 262 85 86 94 88 96 99 100 107 108 1 9 294
12 13 16 132 125 15 20 134 26 25 179 31 33 37 40 227 51 47 60 224 64 70 63 62 57 54 254 85 86 88 94 96 99 100 107 108 1 9 294
12 13 16 132 125 20 15 134 25 26 179 31 33 40 37 227 51 47 54 60 224 64 70 57 62 63 254 85 86 94 88 96 99 100 107 108 1 9 294
12 13 16 132 125 20 15 134 26 25 179 31 33 37 40 227 51 47 54 60 224 64 70 57 63 62 254 85 86 94 88 96 99 100 107 108 1 9 294
12 13 16 132 125 20 15 134 25 26 179 31 33 37 40 227 51 47 54 60 224 64 70 57 63 62 254 85 86 100 94 88 96 99 107 108 1 9 294
12 13 16 132 125 20 15 144 145 149 150 154 114 118 294
12 13 16 132 125 20 15 134 25 26 179 31 33 37 40 227 51 47 54 60 224 64 70 62 57 63 254 85 86 88 94 96 99 100 107 108 1 9 294
12 13 15 16 132 125 20 134 25 26 179 33 40 37 227 51 47 31 54 60 224 64 70 62 63 57 254 85 86 88 94 96 99 100 108 107 1 10 9 294
12 26 13 16 132 125 20 15 134 135 136 139 25 28 38 33 37 40 227 47 51 31 54 57 59 60 224 62 63 64 71 240 73 74 75 81 83 230 232 234 236 237 239 244 250 254 86 94 88 96 99 100 107 294
12 13 16 15 132 125 20 134 25 265 267 270 269 114 271 118 294
12 13 16 132 125 20 15 134 25 26 179 31 144 145 149 150 154 294
12 13 16 132 125 20 15 134 25 26 179 31 100 33 37 40 227 51 47 54 60 224 64 70 63 62 57 254 85 86 94 88 96 99 108 107 1 10 9 294
12 13 16 132 125 20 15 134 25 26 179 31 33 40 37 227 51 47 54 60 224 64 70 57 62 63 254 85 86 88 94 96 99 100 107 108 1 9 10 294
12 13 16 132 125 20 15 134 25 26 179 265 267 270 269 33 40 37 227 51 47 114 271 118 294
12 13 16 132 125 20 15 134 26 25 179 31 33 40 37 227 51 47 54 60 224 64 70 57 63 62 254 85 86 100 88 94 96 99 107 108 1 10 9 294
12 13 16 132 125 20 15 134 26 25 179 31 33 40 37 227 51 47 54 60 224 62 57 63 64 70 254 85 86 94 88 96 99 100 107 108 1 9 10 294
12 13 16 132 125 20 15 134 25 26 179 31 144 145 149 150 154 114 118 294
12 13 16 132 125 20 15 134 25 26 179 33 40 37 31 227 51 47 54 60 224 64 70 57 62 63 254 85 86 88 94 96 99 100 107 108 1 9 10 294
12 13 16 132 125 20 15 134 26 25 179 31 144 145 149 150 154 294
12 13 16 132 125 20 15 134 25 26 179 31 33 40 37 227 51 47 54 57 60 224 64 70 63 62 254 85 86 88 94 100 96 99 107 108 1 10 9 294
12 13 16 132 125 20 15 134 26 25 179 31 33 40 37 227 51 47 54 60 224 64 63 62 57 70 254 85 86 114 88 94 96 99 100 108 107 1 10 9 294
12 13 16 132 125 20 15 134 25 26 179 33 31 40 37 227 51 47 54 60 224 64 70 57 63 62 254 85 86 88 94 96 99 100 107 108 1 9 10 294
12 13 16 132 125 20 15 134 26 25 179 33 40 37 227 51 47 31 54 60 224 64 70 62 63 57 254 85 86 94 88 96 99 100 107 108 1 10 9 294
26 12 13 16 132 125 20 15 134 25 179 33 31 40 37 51 227 47 54 60 224 64 70 63 62 254 85 86 94 88 96 99 100 107 108 1 10 9 294
12 13 16 132 125 20 15 134 25 26 179 31 33 40 37 227 51 47 54 60 224 64 70 57 63 62 254 85 86 88 94 96 99 100 107 108 1 10 9 294
12 13 16 132 125 20 15 134 25 26 179 31 33 40 37 227 51 47 54 60 224 64 70 62 57 63 254 85 86 88 94 96 99 100 107 108 1 10 9 294
12 13 16 132 125 20 15 134 26 25 179 31 33 37 40 227 51 47 54 60 224 64 70 57 63 62 254 85 86 100 94 88 96 99 107 108 1 10 9 294
12 13 16 132 125 20 15 134 26 25 179 31 144 145 149 150 154 114 118 294
12 13 16 132 125 20 15 144 145 149 150 114 154 118 294
12 13 16 132 125 20 15 144 145 150 149 114 154 118 294
12 13 16 132 125 15 20 134 26 25 179 31 33 40 36 191 51 47 55 50 224 64 63 56 62 70 254 85 86 91 89 96 99 100 107 108 1 10 9 294
12 13 16 132 125 20 15 134 25 26 179 31 33 40 37 227 51 47 54 60 224 64 70 63 62 57 254 85 86 88 89 96 99 100 108 107 1 294
12 13 16 132 125 15 134 23 25 26 29 35 40 36 191 50 51 47 55 56 60 224 64 70 62 63 254 85 86 88 94 91 92 97 96 99 100 102 103 104 106 105 1 10 11 294
12 13 16 132 125 15 134 23 26 25 91 99 29 35 40 36 191 50 51 47 55 56 60 224 64 70 63 62 254 85 86 88 89 96 91 97 99 100 103 105 102 104 106 1 10 11 294
12 13 16 132 15 149 144 145 147 294
12 13 16 132 125 15 134 135 136 138 137 139 25 26 28 38 144 149 150 145 147 149 150 114 114 154 116 154 116 117 118 294
12 13 16 132 125 15 25 26 134 135 136 138 137 139 25 28 38 35 40 36 191 50 51 47 59 55 56 60 224 64 63 71 62 73 74 75 76 78 81 83 230 235 236 239 240 232 242 92 244 254 86 88 91 294
12 13 16 132 125 15 134 23 25 26 29 30 35 40 36 191 50 51 47 55 56 60 224 64 70 63 62 254 85 86 88 94 92 91 97 96 99 100 103 102 104 106 107 1 105 294
12 13 16 132 125 15 134 23 25 26 294
12 13 16 132 125 15 134 23 26 25 29 35 40 36 191 50 51 47 55 56 60 224 64 70 63 62 254 85 86 88 91 94 92 97 96 100 99 104 102 103 106 107 105 1 10 11 294
12 13 16 132 125 15 134 23 25 26 29 35 36 40 191 50 51 47 55 56 60 224 64 70 63 62 254 85 86 88 94 92 91 97 96 99 100 105 104 103 102 106 107 294
12 16 132 13 125 15 134 23 26 25 35 29 30 40 36 191 50 51 47 55 56 60 224 64 70 63 62 254 85 86 88 89 97 91 96 99 100 103 102 104 106 31 105 1 10 11 294
12 26 13 16 132 125 15 135 134 136 137 138 139 140 142 141 143 25 28 38 35 36 40 191 50 51 59 47 55 56 60 224 64 71 63 62 74 73 75 76 78 81 83 230 235 236 240 239 232 242 244 254 86 294
12 13 16 132 15 25 125 126 127 128 129 130 131 294
12 13 16 15 132 125 134 23 25 26 29 31 35 40 36 191 50 51 47 55 56 60 224 64 70 62 63 254 85 86 88 94 91 92 97 96 99 100 103 102 104 106 105 1 10 11 294
12 13 16 132 125 15 134 23 25 26 29 31 35 40 36 191 50 51 47 55 56 60 224 64 70 63 62 254 85 86 88 89 97 91 96 99 100 103 104 102 106 107 105 1 10 11 294
12 13 16 132 125 15 134 135 136 138 137 139 25 28 38 26 35 40 36 191 50 47 51 59 55 56 60 224 64 63 62 71 240 73 74 75 76 78 81 83 232 114 92 230 235 239 242 244 254 88 86 94 91 294
12 26 13 16 132 125 15 134 23 25 29 31 35 40 36 191 50 51 47 55 56 60 224 64 70 63 62 254 85 86 88 89 97 96 91 99 100 104 103 102 106 107 105 1 10 11 294
12 13 16 132 125 15 134 23 26 25 29 35 40 36 191 50 47 51 55 56 60 224 64 70 62 63 254 85 86 88 94 92 91 97 96 99 100 103 102 104 106 107 105 1 10 11 294
12 13 16 132 125 15 134 135 136 138 137 139 25 26 28 38 35 40 36 191 50 51 59 47 55 56 60 224 64 63 62 71 74 73 75 76 78 81 83 230 235 236 239 240 232 242 244 254 88 86 94 91 92 294
12 13 16 132 125 15 134 23 25 26 29 35 30 40 36 191 47 50 51 55 56 60 224 64 70 62 63 254 85 86 88 91 94 92 96 97 290 99 100 105 104 102 103 106 1 10 11 294
12 13 16 132 125 15 134 23 25 26 29 31 35 36 40 191 50 51 47 55 56 60 224 63 62 64 70 254 85 86 88 91 94 92 96 97 290 100 99 102 103 104 106 105 1 10 11 294
12 13 16 132 125 15 134 23 26 25 29 35 40 36 191 50 47 51 55 56 60 224 64 70 63 62 254 85 86 88 94 91 92 97 96 100 99 102 103 104 106 107 105 294
12 13 16 132 125 15 134 23 26 25 29 30 150 114 144 145 35 36 147 149 154 294
12 13 16 132 125 15 134 23 25 26 29 30 35 36 40 191 50 51 47 55 56 60 224 64 62 63 70 254 85 88 86 94 92 91 96 97 290 99 100 103 102 104 106 105 1 10 11 294
12 13 16 132 125 15 134 135 136 137 138 139 140 142 141 143 26 25 28 38 35 36 40 191 50 51 59 47 55 56 60 224 62 64 63 71 240 73 74 75 76 78 81 230 83 235 239 232 114 242 244 254 86 294
12 13 16 132 125 15 134 23 25 26 29 31 35 40 36 191 50 51 47 55 56 60 224 64 70 62 63 254 85 86 88 94 91 92 97 96 290 99 100 103 102 104 106 105 1 10 11 294
12 13 16 132 291 125 15 134 23 24 34 40 25 191 50 51 47 55 56 60 224 64 70 254 264 85 62 63 86 88 87 93 92 101 94 95 91 97 290 98 96 99 103 100 102 106 104 294
12 13 16 132 291 125 15 134 23 24 34 40 25 26 191 50 47 51 55 56 60 224 62 64 70 254 264 85 63 86 87 88 93 94 95 92 91 96 97 290 98 99 101 100 103 102 104 106 294
12 13 81 82 14 15 16 125 134 135 136 137 138 139 24 28 34 40 191 47 50 51 55 56 60 224 62 63 64 71 241 72 73 74 75 76 78 80 83 230 235 238 240 242 232 233 88 97 87 91 96 90 86 294
12 16 132 291 125 13 15 134 23 24 25 34 40 93 191 50 51 47 55 56 60 224 64 70 254 264 85 86 62 63 88 87 94 91 92 95 97 290 98 96 99 103 101 100 106 102 104 1 10 112 11 294
12 26 13 16 132 291 125 15 134 23 24 34 40 25 191 50 51 47 55 56 60 224 64 70 254 264 85 62 63 86 88 87 94 95 91 93 101 92 96 97 290 98 103 99 100 102 106 104 1 10 112 11 294
12 13 15 16 132 291 125 134 23 24 25 34 40 26 191 50 51 47 55 56 60 224 64 70 62 63 254 264 85 86 88 87 93 101 91 94 92 95 96 97 290 98 99 103 100 102 106 104 1 10 11 112 294
12 93 16 13 132 291 125 15 134 23 24 34 40 191 50 51 47 55 56 60 224 64 70 254 264 85 63 86 62 87 88 94 91 95 92 97 290 98 96 99 100 101 103 102 104 106 1 10 11 112 294
12 13 16 132 291 125 15 134 23 24 25 34 40 26 191 50 51 47 55 56 60 224 64 70 254 264 63 62 85 86 88 87 93 94 91 95 92 96 97 290 98 99 294
12 13 16 132 291 125 15 134 23 24 25 34 40 26 191 50 51 47 55 56 60 224 64 70 254 264 85 63 62 86 88 87 93 94 95 91 92 97 290 98 96 99 103 100 101 106 104 102 1 294
12 13 16 132 291 125 15 134 23 24 34 26 25 40 93 191 50 51 47 55 56 60 224 64 70 254 264 85 62 86 63 88 87 94 95 92 91 96 97 290 98 99 100 101 103 106 102 104 1 10 112 11 294
12 16 13 132 291 125 15 134 23 24 34 40 25 93 191 47 50 51 55 56 60 224 64 70 254 264 63 62 85 86 87 88 94 95 92 91 97 290 98 96 99 101 100 103 106 102 104 1 10 11 112 294
12 13 16 132 291 125 15 134 23 24 26 25 34 40 93 191 50 51 47 55 56 60 224 64 70 254 264 85 63 62 86 88 87 94 95 91 92 97 96 290 98 99 101 100 103 102 106 104 1 10 11 112 294
12 93 13 16 132 291 125 15 134 23 24 34 40 191 50 51 47 55 56 60 224 64 70 254 264 85 63 86 62 88 87 94 91 95 92 97 290 98 96 99 101 100 103 104 102 106 1 10 11 112 294
12 93 13 16 132 291 125 15 134 23 24 34 40 191 50 51 47 55 56 60 224 64 70 254 264 62 63 85 86 88 87 94 91 95 92 97 290 98 96 99 100 103 101 102 106 104 1 10 11 112 294
12 13 16 132 291 125 15 134 23 24 25 34 40 191 51 50 47 55 56 60 224 64 63 62 70 254 264 85 86 87 88 93 91 94 95 92 97 290 98 96 99 101 100 103 102 106 104 294
12 13 15 16 132 291 125 134 23 24 34 40 25 93 101 191 50 51 47 55 56 60 224 63 62 64 70 254 264 85 86 88 87 94 92 95 91 97 290 98 96 99 103 100 106 102 104 1 10 11 112 294
12 13 16 132 291 125 15 134 23 24 34 25 40 191 167 174 156 157 161 163 162 165 166 133 168 173 175 180 183 184 186 185 187 50 51 47 55 56 60 224 64 70 254 264 85 62 63 86 88 87 94 91 95 294
12 13 15 16 132 291 125 134 23 24 34 40 25 26 191 50 51 47 55 56 60 224 64 63 62 70 254 264 85 86 88 87 94 95 91 92 93 97 290 96 98 99 103 100 101 102 104 106 1 10 11 112 294
12 13 16 132 291 125 15 134 135 136 137 138 139 24 25 26 82 27 28 34 40 191 47 50 51 55 56 60 224 62 63 64 71 72 73 74 75 76 78 81 80 83 230 235 238 241 240 242 233 232 101 90 244 294
12 13 16 132 291 125 15 134 23 24 25 34 40 26 191 50 51 47 55 56 60 224 64 70 254 264 85 62 63 86 88 87 101 93 91 94 95 92 97 290 98 96 99 103 100 102 106 104 1 10 11 112 294
12 13 15 16 132 291 125 134 23 24 34 40 25 26 191 50 47 51 55 56 60 224 64 62 63 70 254 264 85 86 87 88 101 93 94 91 92 95 97 96 290 98 99 100 103 102 104 106 1 10 112 11 294
12 13 16 132 291 125 15 134 135 136 138 137 139 24 25 26 28 150 144 146 145 147 148 149 112 154 294
12 13 16 132 291 125 15 134 23 24 34 40 25 26 294
12 101 93 13 16 132 291 125 15 134 23 24 34 40 191 50 51 47 55 56 60 224 63 62 64 70 254 264 85 86 88 87 94 91 92 95 97 96 290 98 99 103 100 102 106 104 1 10 112 11 294
12 101 93 13 16 132 291 125 15 134 23 24 34 40 191 50 51 47 55 56 60 224 62 64 70 254 264 85 86 63 88 87 91 94 95 92 97 290 98 96 99 100 103 102 106 104 1 10 11 112 294
12 13 16 132 291 125 15 134 135 136 138 137 139 24 25 28 265 266 267 268 269 270 278 112 32 294
12 13 16 132 291 125 15 134 23 24 25 34 40 292 144 146 145 148 154 112 147 32 294
12 13 16 15 132 291 125 134 23 24 34 25 40 26 191 50 51 47 55 56 60 224 64 70 254 264 85 63 62 86 88 87 94 95 91 92 93 97 290 98 96 99 101 103 100 102 106 104 1 112 11 10 294
12 13 16 15 132 291 125 134 135 136 137 138 139 24 28 34 40 191 47 50 51 55 56 60 224 62 63 64 71 72 82 73 74 75 76 78 81 80 83 241 230 235 238 243 239 240 242 232 233 88 87 86 91 294
12 13 16 15 132 291 125 134 23 24 25 34 40 26 191 50 51 47 55 56 60 224 64 70 254 264 85 86 62 63 88 87 94 91 95 92 93 101 97 290 98 96 103 99 100 102 104 106 1 11 112 10 294
12 13 16 132 291 125 15 134 23 24 101 93 34 40 25 191 50 47 51 55 56 60 224 64 70 254 264 85 63 62 86 88 87 94 95 91 92 97 290 98 96 100 99 103 102 104 106 1 10 112 11 294
12 13 15 16 132 291 125 134 23 24 34 25 40 292 144 146 145 294
12 13 16 132 291 125 15 134 23 24 93 101 34 40 25 191 47 50 51 55 56 60 224 64 70 254 264 63 62 85 86 88 87 94 91 95 92 97 96 290 98 103 99 100 102 26 106 104 1 10 11 112 294
12 13 16 132 291 125 15 134 23 24 25 34 40 101 93 191 50 51 47 55 56 60 224 64 70 254 264 85 86 62 63 88 87 91 94 92 95 97 290 98 96 99 100 103 102 106 104 1 10 11 112 294
12 13 16 132 291 125 15 134 23 24 34 40 25 93 101 191 50 51 47 55 56 60 224 62 63 64 70 254 264 85 86 88 87 94 91 95 92 97 290 98 96 100 99 103 102 106 104 1 10 11 112 294
12 13 16 132 291 125 15 134 23 24 34 25 40 26 191 50 51 47 55 56 60 224 64 70 254 264 85 86 63 62 88 87 94 91 95 93 92 101 97 290 98 96 103 99 100 102 104 106 1 11 112 10 294
12 26 13 14 15 16 18 17 125 134 135 136 137 138 139 24 144 28 146 148 292 147 293 25 145 294
12 16 13 15 132 291 125 134 23 24 25 34 40 26 191 50 51 47 55 56 60 224 64 70 254 264 85 86 62 63 87 88 101 93 91 94 95 92 97 290 98 96 99 103 100 102 106 104 1 11 112 10 294
12 93 13 16 132 291 15 125 134 23 24 34 40 191 50 51 47 55 56 60 224 64 70 254 63 62 264 85 86 88 87 94 95 92 91 97 96 290 98 99 100 101 103 106 102 104 1 10 11 112 294
12 13 15 16 132 291 125 134 23 24 34 40 26 25 191 50 51 47 55 56 60 224 64 70 254 264 85 62 63 86 87 88 93 101 94 91 92 95 97 290 98 96 100 103 99 102 106 104 1 112 11 10 294
12 13 16 132 291 125 15 134 23 24 25 34 40 26 191 50 51 47 55 56 60 224 64 70 254 264 85 62 86 63 88 87 94 91 95 92 93 101 97 290 98 96 103 99 100 106 104 102 1 11 112 10 294
12 13 16 132 291 125 15 134 23 24 34 40 25 93 191 50 51 47 55 56 60 224 62 63 64 70 254 264 85 86 88 87 94 95 92 91 97 290 98 96 99 101 100 103 102 106 104 1 3 7 8 2 294
12 26 13 16 132 291 125 15 134 23 24 25 92 101 93 100 103 34 40 191 50 51 60 224 64 70 254 264 85 88 94 97 290 98 106 1 96 104 87 63 11 102 86 55 112 62 56 95 91 47 99 10 294
12 13 16 132 291 125 15 134 23 24 34 40 26 25 191 50 51 47 55 56 60 224 64 70 254 264 85 63 86 62 88 87 94 91 95 93 92 97 290 98 96 99 101 103 100 102 106 104 1 11 112 10 294
12 13 15 16 132 291 125 134 23 24 34 40 26 25 191 50 51 47 55 56 60 224 64 70 62 63 254 264 85 86 88 87 91 94 95 93 101 92 97 96 290 98 103 99 100 106 102 104 1 11 112 10 294
12 13 15 16 132 291 125 134 23 24 34 40 25 26 191 50 51 47 55 56 60 224 64 63 62 70 254 264 85 86 88 87 94 91 95 97 290 98 96 99 92 100 101 93 103 106 104 102 1 112 11 10 294
12 13 16 132 291 125 15 134 23 24 34 40 26 25 93 191 50 51 47 55 56 60 224 64 70 254 264 85 62 63 86 87 88 94 91 92 95 97 290 98 96 99 103 101 100 102 104 106 1 11 112 10 294
12 13 15 16 265 266 125 272 277 273 274 275 276 279 280 281 294
12 26 13 16 132 291 125 15 134 135 136 139 24 28 34 40 191 50 51 60 224 64 25 63 137 56 71 55 138 47 72 62 75 78 230 235 238 74 80 83 82 239 73 76 81 243 242 240 241 232 233 294
12 13 16 132 291 125 15 265 266 274 273 272 277 283 276 275 280 279 281 285 282 286 287 284 114 288 112 115 116 117 118 294
12 13 15 16 125 134 135 136 138 137 24 28 34 144 294
12 13 15 16 125 134 135 136 138 137 139 140 141 142 143 24 25 26 28 292 144 146 145 147 148 149 150 154 112 294
12 13 16 132 15 292 144 291 125 134 24 34 40 146 148 147 23 112 154 145 294
12 13 16 15 132 291 125 134 23 24 26 25 34 40 156 191 50 51 157 163 60 133 224 64 70 254 264 85 88 175 47 62 165 174 168 55 161 63 56 162 167 87 86 166 173 94 97 98 91 93 99 96 95 294
12 13 16 132 291 125 15 134 23 24 34 40 25 26 93 101 191 50 51 47 55 56 60 224 64 70 254 264 85 63 62 86 88 87 91 94 92 95 97 96 290 98 99 103 100 104 102 106 1 11 112 10 294
12 13 16 15 132 291 125 134 23 24 34 40 26 25 265 266 274 273 272 294
12 13 16 132 291 15 125 134 23 24 34 40 25 26 191 50 51 60 224 64 70 254 264 85 88 94 91 55 95 47 63 86 87 62 56 97 290 98 92 93 99 96 106 104 101 103 102 100 1 11 112 10 294
12 13 16 132 291 125 15 134 23 24 25 34 40 26 191 50 51 47 55 56 60 224 64 70 254 264 85 62 63 88 87 86 94 95 91 93 101 92 97 290 98 96 103 99 100 106 104 102 1 10 11 112 294
12 93 13 16 132 291 125 15 134 23 24 25 34 40 191 50 51 47 55 56 60 224 64 70 254 264 85 63 86 62 88 87 94 95 92 91 97 290 98 96 99 103 101 100 102 104 106 1 11 112 10 294
12 13 16 132 291 125 15 134 23 24 34 40 26 25 292 144 146 145 147 148 150 149 154 114 112 115 294
12 13 16 132 291 125 15 134 23 24 34 40 25 93 191 50 51 47 55 56 60 224 64 70 254 264 85 63 62 86 88 87 94 95 91 92 96 97 290 98 99 100 101 103 106 102 104 1 11 112 10 294
13 16 132 291 125 134 24 34 40 15 12 25 26 23 191 50 51 60 224 64 70 254 264 85 88 94 91 95 87 56 47 62 86 55 63 97 290 98 106 93 104 102 99 101 92 96 100 103 294
12 13 16 132 291 125 292 15 294
13 16 132 291 125 134 24 15 23 12 34 40 26 25 191 50 51 60 224 64 70 254 264 85 88 87 293 56 55 293 47 62 293 86 63 94 91 95 97 290 98 92 96 101 99 93 106 100 104 103 102 294
12 13 16 132 291 125 134 24 34 40 25 15 23 26 191 51 50 55 47 60 224 64 70 254 264 85 88 94 62 95 91 56 86 63 87 97 290 98 92 93 99 96 101 100 103 106 102 104 294
12 13 16 132 291 125 134 24 34 40 25 23 15 26 191 50 51 60 224 64 70 254 264 85 88 94 97 290 98 87 63 56 96 62 86 91 47 99 95 93 55 92 106 101 102 104 103 100 1 11 113 112 10 294
12 13 16 132 291 125 134 135 136 139 24 28 138 137 15 294
12 13 16 132 291 125 134 24 34 40 23 25 15 26 191 50 51 60 224 64 70 254 264 85 88 94 97 290 98 62 95 63 56 47 91 55 96 93 86 87 99 92 106 101 104 102 100 103 294
12 13 16 132 291 125 134 24 34 40 25 23 15 26 191 50 51 60 224 64 70 254 264 85 88 94 47 63 55 56 86 91 62 95 87 97 290 98 96 99 93 92 106 104 103 100 102 101 294
12 13 16 132 291 125 134 24 34 40 23 25 15 26 191 50 51 60 224 64 70 254 264 85 88 94 97 290 98 62 55 47 96 86 93 87 56 99 95 91 63 92 106 100 103 104 101 102 294
12 13 16 132 291 125 134 24 34 40 23 15 25 26 191 50 51 60 224 64 70 254 264 85 88 55 63 87 62 47 56 86 94 97 290 98 106 96 102 93 91 99 104 101 95 92 103 100 294
12 13 16 132 291 125 134 24 34 40 25 15 23 26 191 50 51 60 224 64 70 254 264 85 88 94 62 91 87 55 86 47 95 63 56 97 290 98 106 93 102 96 92 104 99 101 103 100 294
12 13 16 132 291 125 134 24 34 40 23 15 25 191 50 51 60 224 64 70 254 264 85 88 94 97 290 98 106 63 47 102 96 55 91 86 93 62 95 99 101 87 104 56 92 103 100 294
12 13 16 132 291 125 134 24 34 40 23 15 25 26 191 50 51 60 224 64 70 254 264 85 88 94 47 95 63 86 87 56 55 62 91 97 290 98 106 92 102 101 96 104 99 93 103 100 294
12 13 16 132 291 125 134 24 34 40 23 15 25 265 266 274 280 286 284 279 275 273 272 277 281 26 283 276 285 282 294
12 13 16 132 291 125 134 24 34 40 23 15 25 26 191 50 51 60 224 64 70 254 264 85 88 94 95 63 56 47 91 87 62 86 55 97 290 98 106 99 101 96 93 92 104 102 100 103 294
12 13 16 132 291 125 134 24 34 40 23 15 25 26 191 50 51 60 224 64 70 254 264 85 88 94 97 290 98 293 95 91 47 99 63 93 87 101 55 86 62 96 56 92 103 100 294
12 13 16 132 291 125 26 15 134 135 136 139 24 28 25 137 138 34 40 191 50 51 60 224 64 62 56 55 72 47 63 71 75 78 230 235 238 236 239 73 241 82 83 80 74 242 76 81 243 240 232 294
12 13 16 132 291 125 134 24 34 40 25 15 23 26 191 50 51 55 47 56 60 156 157 163 133 224 64 70 254 264 85 174 167 175 63 86 162 165 161 62 168 166 173 294
12 13 16 132 291 125 134 24 34 40 15 25 23 26 191 50 51 60 224 64 70 254 264 85 88 62 56 86 55 87 47 63 94 97 290 98 93 96 91 95 99 92 106 102 100 101 103 104 294
12 13 16 125 134 135 136 139 24 137 138 15 25 28 26 34 40 191 50 51 60 224 64 75 78 230 235 238 83 62 56 55 63 80 82 47 71 239 74 73 72 76 81 241 242 240 243 232 233 294
12 13 16 132 291 125 134 24 34 40 191 50 51 60 224 64 70 254 264 85 88 94 97 290 98 99 15 96 87 95 101 55 93 86 91 23 47 56 62 63 92 106 104 103 100 102 294
12 13 16 132 291 125 134 24 34 40 191 50 51 60 224 64 70 254 264 85 88 94 97 290 98 63 86 47 55 15 93 56 23 96 99 101 87 95 91 62 92 106 102 100 104 103 294
12 13 16 132 291 125 134 24 34 40 23 15 25 26 191 50 51 60 224 64 70 254 264 85 88 94 97 290 98 47 95 96 63 99 87 91 55 86 93 62 56 92 106 101 100 102 104 103 294
12 13 16 132 291 125 134 24 34 40 25 15 23 26 191 50 51 60 224 64 70 254 264 85 88 94 97 290 98 106 102 101 99 86 95 47 63 55 87 93 62 56 96 104 91 92 103 100 294
12 13 16 132 291 125 134 24 34 40 25 23 15 26 144 146 148 32 154 147 112 145 294
12 13 16 132 291 125 134 24 34 40 23 15 25 294
12 13 16 132 291 125 134 24 34 40 15 25 26 23 191 50 51 47 55 294
13 16 132 291 125 134 24 34 40 12 23 15 25 26 191 50 51 60 224 64 70 254 264 85 88 94 97 290 98 93 86 62 99 87 96 95 63 91 47 55 56 92 106 101 103 100 102 104 294
13 16 132 291 125 134 24 34 40 15 12 23 25 26 191 50 51 60 224 64 70 254 264 85 86 63 47 62 56 55 88 94 97 290 98 91 92 99 93 95 96 87 106 102 104 103 101 100 294
12 13 16 132 291 125 134 24 34 40 15 23 25 26 191 50 51 60 224 64 70 254 264 85 88 94 86 56 47 91 63 55 87 95 62 97 290 98 93 92 99 101 96 100 103 294
12 13 16 132 291 125 134 24 34 40 191 50 51 25 15 23 47 26 60 224 64 70 254 264 85 88 94 97 290 98 106 87 101 93 102 63 55 104 95 99 91 56 96 62 86 92 103 100 294
12 13 16 132 291 125 134 24 34 40 23 15 25 26 191 50 51 60 224 64 70 254 264 85 88 94 97 290 98 62 56 87 91 95 55 86 63 47 96 99 93 92 106 103 100 101 102 104 294
12 13 16 132 291 125 134 24 34 40 15 23 25 26 191 50 51 60 224 64 70 254 264 85 88 63 87 86 55 62 47 56 94 97 290 98 93 95 91 99 96 92 106 100 104 102 103 101 294
12 13 16 132 291 125 134 24 34 40 15 25 23 26 191 50 51 60 224 64 70 254 264 85 88 86 56 62 87 63 55 47 94 97 290 98 91 95 96 93 99 92 106 102 104 103 101 100 294
12 13 16 132 291 125 134 24 34 40 25 23 15 26 191 50 51 60 224 64 70 254 264 85 88 94 97 290 98 99 86 55 47 91 62 95 56 96 87 93 63 92 106 103 100 104 102 101 294
12 13 16 132 291 125 134 24 34 40 25 15 23 26 191 50 51 60 224 64 70 254 264 85 88 94 97 290 98 106 56 55 91 86 104 63 47 102 99 93 95 62 87 101 96 92 103 100 294
12 13 16 132 291 125 134 24 34 40 23 25 15 144 146 148 32 154 112 147 145 294
12 13 16 132 291 125 134 24 34 40 23 25 15 26 191 50 51 60 224 64 70 254 264 85 88 86 62 87 63 56 47 55 94 95 91 97 290 98 106 293 93 96 99 101 92 102 293 104 100 103 294
12 13 16 132 291 125 134 24 34 40 25 15 23 26 191 50 51 60 224 64 70 254 264 85 88 94 97 290 98 93 55 56 87 91 86 63 47 96 99 95 62 92 106 101 103 100 102 104 294
12 13 16 132 291 125 134 24 34 40 15 25 23 26 294
12 13 16 132 291 125 134 24 34 40 23 25 15 26 294
12 191 50 51 13 16 132 291 125 134 24 34 40 60 224 64 70 254 264 85 88 94 97 290 98 62 25 91 93 86 56 15 95 96 87 63 47 99 23 55 26 92 100 103 101 294
13 16 132 291 125 134 24 34 40 15 25 12 23 26 294
12 13 16 132 291 125 134 24 34 40 25 15 23 294
43 12 18 15 16 30 26 17 19 22 25 30 43 195 33 37 38 40 42 51 192 194 198 197 220 38 20 144 156 33 37 40 42 51 52 59 54 57 224 62 63 89 100 64 70 84 85 86 88 97 99 107 108 294
18 12 15 16 17 19 22 26 25 30 43 195 33 37 20 38 40 42 51 192 194 30 198 159 176 43 144 197 220 38 33 37 156 158 160 40 169 42 170 51 52 59 54 57 224 63 62 64 70 84 85 171 177 294
12 26 30 43 15 16 19 22 25 30 38 33 37 40 42 51 192 194 195 198 43 20 144 156 197 220 38 33 37 40 42 51 52 59 54 57 224 63 62 64 70 84 89 85 86 88 100 97 108 99 107 294
12 26 30 195 163 176 16 19 22 134 135 136 139 25 15 28 38 20 144 156 40 51 192 197 198 38 37 33 194 37 33 30 109 157 161 171 164 40 40 41 40 41 40 41 38 33 37 40 41 51 59 54 47 294
12 15 16 19 198 43 26 43 195 22 25 30 33 37 38 40 42 51 192 194 30 197 20 144 156 220 38 33 37 40 42 51 52 59 54 57 224 63 62 64 70 84 85 86 89 88 97 99 100 107 108 1 10 294
12 15 16 17 19 22 25 30 26 18 30 43 195 33 37 38 20 40 42 51 192 194 207 215 197 203 204 206 212 214 218 219 222 294
12 30 26 43 195 15 16 19 22 25 30 33 38 20 37 40 42 51 192 194 207 215 197 203 204 206 212 214 144 156 218 219 222 110 294
12 18 26 15 16 17 19 22 25 30 30 198 195 49 33 38 20 37 40 48 51 192 194 197 220 38 33 37 40 43 156 144 42 51 52 59 54 57 224 62 63 64 70 84 85 86 89 88 97 99 100 107 108 294
12 30 26 15 16 19 22 135 136 139 25 28 30 61 195 42 194 38 132 150 152 144 145 149 151 154 153 294
12 30 15 16 19 22 25 26 43 30 33 37 38 40 42 51 192 195 194 198 197 220 38 43 33 37 40 42 51 52 59 54 20 144 156 57 224 63 62 64 70 84 85 86 89 88 100 108 97 99 107 1 294
12 26 18 15 16 17 19 22 25 30 30 43 33 37 38 20 144 40 42 51 192 195 194 198 197 43 156 220 38 33 37 40 42 51 52 59 54 57 224 62 63 64 70 84 85 86 89 88 97 99 100 107 108 294
12 26 15 16 19 22 25 43 195 30 33 37 38 20 40 42 51 144 156 192 194 198 30 197 220 38 33 43 37 40 42 51 52 59 54 57 224 62 63 64 70 84 85 86 88 89 97 99 100 107 108 1 10 294
12 26 15 16 19 22 25 30 38 20 144 156 109 33 37 40 51 192 195 194 198 197 30 220 38 33 37 40 51 52 52 59 54 57 60 224 63 62 64 70 84 85 86 88 99 10 89 100 107 108 1 110 111 294
12 15 26 16 19 22 25 30 30 38 20 144 33 37 40 51 192 194 195 207 215 156 109 197 203 204 206 214 218 219 110 222 111 294
254 12 198 26 30 195 256 15 16 19 22 25 109 30 33 37 38 20 144 156 40 51 192 194 197 220 38 33 37 40 51 52 52 59 54 57 60 224 62 63 64 70 84 257 259 255 258 260 261 85 86 89 88 294
12 26 15 16 19 22 25 30 30 33 38 20 37 40 51 192 109 195 194 144 156 197 203 204 207 206 214 110 215 218 219 222 110 294
12 26 15 16 19 22 25 30 33 38 20 144 109 37 40 51 192 195 194 30 198 197 220 38 33 37 156 40 51 52 52 59 54 57 60 224 62 63 64 70 84 85 86 89 88 99 100 107 108 1 294
12 26 195 15 16 19 22 25 30 33 38 20 144 37 40 51 192 194 30 198 197 220 38 33 37 109 40 51 52 52 59 54 57 60 224 62 63 64 70 84 156 85 86 88 89 99 100 107 108 1 294
12 26 195 30 15 16 19 22 25 109 20 38 30 33 37 40 51 192 194 198 197 220 38 33 37 40 51 52 52 59 54 57 60 224 63 62 64 65 66 68 144 67 69 70 156 85 86 89 88 100 99 107 108 294
12 15 16 19 30 26 22 25 33 37 20 144 30 38 40 51 192 195 194 198 197 220 38 33 37 40 41 47 51 59 54 109 57 60 224 62 63 64 70 84 156 85 86 88 89 99 100 107 108 1 294
12 18 26 15 16 17 19 22 25 30 33 37 38 20 144 40 51 192 30 195 194 198 197 220 156 109 33 38 37 40 41 47 51 59 54 57 60 224 62 63 64 70 84 85 86 88 89 99 100 107 108 1 294
12 26 15 16 19 22 25 30 38 20 144 109 33 37 40 51 192 195 194 30 197 203 204 156 206 207 214 215 218 219 110 222 294
12 26 18 15 16 17 19 22 25 30 33 38 20 144 109 37 40 51 192 195 194 30 197 203 204 206 207 215 214 156 218 219 222 110 294
12 15 132 16 19 20 22 26 25 265 33 37 40 41 192 194 195 31 198 197 220 144 33 37 40 41 47 51 54 57 60 224 289 179 156 62 64 70 63 84 85 86 88 89 96 99 100 107 108 1 294
12 26 195 198 19 20 22 135 136 139 28 31 16 265 132 144 38 40 41 192 25 37 33 194 15 197 38 33 179 156 37 40 41 51 59 47 54 60 224 64 62 63 57 71 74 73 75 81 83 230 236 237 239 294
12 132 15 294
12 26 195 198 15 16 19 20 22 179 31 40 41 192 197 25 37 194 33 265 132 144 220 33 37 40 41 51 47 54 57 289 60 224 64 70 62 63 84 156 85 86 88 89 96 99 100 107 108 1 294
12 132 15 16 17 18 265 144 19 20 22 25 26 33 37 40 41 192 194 195 179 31 198 197 220 33 37 40 156 41 47 51 289 54 60 224 64 70 57 63 62 84 85 86 89 88 96 99 100 107 108 1 294
12 26 31 195 198 15 16 132 19 20 22 25 265 144 179 156 33 37 40 41 192 194 197 220 33 37 40 41 51 47 54 60 224 64 70 57 62 63 84 85 86 89 88 96 99 100 107 108 1 294
12 132 15 265 16 19 20 26 22 31 144 25 33 37 40 41 192 195 194 198 197 220 179 33 37 40 41 51 47 54 60 224 64 70 62 63 57 84 85 86 156 88 89 96 99 100 107 108 1 294
12 26 179 195 207 16 19 20 22 135 136 139 28 31 38 40 41 192 15 194 33 37 25 265 132 144 197 203 204 206 214 215 218 219 294
12 16 132 19 20 15 22 25 26 31 265 33 37 40 41 192 194 195 198 197 144 179 220 33 37 40 227 51 47 54 60 224 64 70 57 63 62 254 85 86 88 94 156 96 100 99 107 108 1 294
12 15 16 132 19 20 22 26 25 265 144 33 37 40 41 192 195 194 31 197 203 204 206 207 214 215 294
12 15 16 132 19 20 22 26 25 265 144 33 37 40 41 192 194 195 31 198 197 179 156 220 33 37 40 41 51 47 54 289 60 224 63 57 62 64 70 84 85 86 88 94 96 99 100 107 108 1 294
12 16 132 19 20 15 22 26 25 31 265 33 37 40 41 192 195 194 144 179 197 198 46 33 37 40 227 51 47 54 60 224 62 57 64 70 63 254 85 86 156 88 94 96 99 100 107 108 1 294
12 16 132 15 19 20 22 25 26 265 144 179 33 37 40 41 192 194 195 31 197 198 46 33 37 40 227 51 47 54 60 224 64 70 62 63 57 254 85 86 156 88 94 96 99 100 107 108 1 294
12 26 194 16 19 20 22 135 136 139 15 265 132 144 28 179 156 31 38 145 40 41 37 25 33 192 194 195 197 203 204 212 206 215 214 149 219 294
12 15 16 132 19 20 22 25 26 31 265 33 37 40 41 192 198 195 194 197 144 179 156 220 33 37 40 41 51 47 54 289 60 224 64 70 63 57 62 84 85 86 88 94 96 99 100 107 108 1 294
12 16 132 19 20 15 22 26 25 265 144 33 37 40 31 41 192 194 195 179 156 197 198 46 33 37 40 227 47 51 54 60 57 224 64 70 63 62 254 85 86 88 94 96 99 100 107 108 1 294
12 16 132 19 20 15 22 25 26 31 265 144 33 37 40 227 192 195 194 197 198 46 33 37 40 227 51 47 54 60 224 64 70 62 57 63 254 85 86 156 88 94 96 99 100 107 108 1 294
12 13 14 16 132 125 20 15 134 135 136 139 140 143 26 25 28 38 31 33 37 40 227 192 194 195 223 197 203 204 206 212 215 214 144 218 219 221 114 118 294
12 13 16 15 132 125 20 134 25 26 31 33 37 40 227 192 194 195 197 203 204 206 212 215 214 218 294
12 13 14 16 132 125 20 15 134 25 26 33 37 40 227 192 195 194 223 31 197 198 44 45 46 227 51 47 119 54 120 60 224 64 70 62 63 121 57 254 85 86 88 94 96 123 99 100 107 108 1 124 294
12 13 14 16 132 125 20 15 134 135 136 139 25 26 28 38 31 33 37 40 227 192 195 194 223 144 145 149 150 154 114 118 294
12 13 16 15 132 125 20 134 25 26 31 33 37 40 227 192 194 195 197 198 44 45 46 227 51 47 54 60 224 64 70 63 62 57 254 85 86 88 94 96 99 100 108 107 294
12 13 16 132 15 125 20 134 26 25 31 33 40 37 227 192 194 195 197 198 44 45 46 227 51 47 54 60 224 64 70 57 62 63 254 85 86 156 157 161 164 163 172 173 144 145 149 150 154 294
12 13 16 132 125 20 15 134 26 25 31 33 40 37 227 192 194 195 197 198 44 45 46 227 51 47 54 60 224 64 70 57 62 63 254 85 86 94 88 96 99 100 107 108 1 10 9 294
12 13 16 15 132 125 20 134 26 25 179 33 37 40 227 192 194 195 197 203 204 206 212 215 214 31 218 219 221 294
12 13 16 132 125 20 15 134 135 136 139 25 28 179 38 33 40 37 227 192 194 195 26 144 145 149 150 114 154 118 294
12 13 16 132 125 20 15 134 135 136 139 140 143 25 26 28 179 38 33 40 37 227 192 194 195 197 198 42 43 191 51 59 47 55 50 224 64 62 63 56 71 73 74 75 81 83 230 237 236 239 240 234 232 294
12 13 16 132 125 20 15 134 25 26 179 31 33 37 40 227 192 194 195 197 198 42 43 46 191 51 47 55 50 224 62 56 63 64 70 254 85 86 91 89 96 99 100 107 108 1 294
12 13 16 132 125 20 15 134 26 25 179 31 33 40 37 227 192 194 195 197 198 42 43 46 191 51 47 55 50 224 64 56 63 62 70 254 85 86 91 89 96 99 100 107 108 1 9 10 294
12 13 16 132 125 20 15 134 135 136 139 26 25 28 179 38 33 40 37 227 192 195 194 197 203 51 59 47 55 50 224 64 62 56 63 71 73 74 75 81 83 230 236 237 240 239 234 232 294
12 13 16 132 125 20 15 134 26 25 179 31 33 40 37 227 192 194 197 198 42 43 46 191 51 47 55 50 224 64 70 62 56 63 254 85 86 89 91 96 100 99 107 108 1 294
12 13 16 132 125 15 134 23 25 26 29 30 35 40 36 191 192 195 195 194 196 197 198 199 200 42 43 46 191 50 51 47 55 56 60 224 64 70 63 62 254 85 86 88 89 91 99 100 100 107 96 91 105 294
12 13 16 132 125 15 134 23 25 26 35 40 36 191 192 194 195 196 197 198 201 199 42 179 180 181 294
12 13 16 132 125 15 134 23 25 26 29 30 35 36 40 191 192 194 195 196 197 203 206 204 208 209 211 215 214 217 218 219 221 114 294
12 13 16 15 132 291 125 134 23 24 34 25 40 191 192 195 194 196 215 210 209 216 197 198 199 201 46 191 203 204 206 205 208 213 211 218 219 217 221 112 294
12 26 13 16 132 291 125 15 134 23 24 34 25 40 191 192 194 195 196 210 216 197 203 204 206 205 209 208 213 211 215 218 112 221 217 114 219 115 116 117 118 294
12 13 16 132 291 125 15 134 23 24 34 40 26 25 191 192 194 195 196 197 203 202 191 50 51 47 55 101 93 56 60 224 64 70 254 264 85 62 63 86 88 87 94 91 95 92 96 97 290 98 99 103 100 294
12 292 294
12 13 15 16 132 291 125 134 23 24 34 26 25 40 191 192 194 195 196 197 198 201 46 199 191 50 51 47 55 56 60 224 64 70 62 63 254 264 85 86 88 87 94 95 91 101 92 93 96 97 290 98 99 294
12 13 16 132 291 125 15 134 23 24 34 40 25 26 191 192 195 194 196 114 197 198 199 201 46 191 203 204 206 205 144 146 145 148 147 112 154 32 115 116 117 118 294
12 13 16 132 291 125 15 134 23 24 34 40 25 191 192 194 195 196 93 197 198 201 199 46 191 50 51 47 55 56 60 224 64 70 254 62 63 264 85 86 88 87 94 92 91 95 97 290 98 96 99 101 100 294
12 26 13 16 15 132 291 125 134 135 136 138 137 24 28 34 40 191 192 25 194 196 195 294
12 13 16 132 291 125 15 134 23 24 25 34 40 191 192 194 195 196 197 198 201 46 199 191 50 51 47 55 56 60 224 64 70 254 264 85 62 63 86 88 87 93 101 94 92 91 95 97 290 98 96 100 99 294
12 13 16 132 291 125 15 134 23 24 25 34 40 26 191 192 194 195 196 197 198 201 46 199 191 50 51 47 156 157 167 173 166 174 161 163 133 168 162 175 165 55 60 224 64 70 85 88 63 87 62 86 56 294
12 26 13 15 16 17 125 134 135 136 138 137 139 24 18 294
12 13 16 15 132 291 125 134 23 24 26 25 34 40 191 192 194 195 196 197 198 201 46 199 292 294
12 16 132 291 125 13 15 134 23 24 26 34 40 25 191 192 194 195 196 197 198 201 46 191 50 51 60 224 64 70 254 264 85 88 47 56 87 63 199 62 86 55 179 180 183 184 186 185 94 91 95 92 93 294
12 13 16 132 291 125 134 24 34 40 15 25 23 26 191 192 193 194 196 195 197 201 46 191 50 51 47 199 198 60 224 64 70 254 264 85 88 94 86 56 62 55 91 87 63 95 97 98 96 92 101 93 99 294
12 13 16 132 291 125 134 24 34 40 15 25 23 26 191 192 193 196 194 195 197 51 60 224 64 70 254 198 201 46 191 50 264 85 88 94 63 56 91 55 293 87 62 86 47 95 199 293 97 98 92 96 93 294
12 13 16 132 291 125 134 24 34 40 25 15 23 26 191 192 193 196 194 195 197 203 206 204 205 213 218 216 221 112 117 208 211 210 118 217 115 116 209 215 219 114 294
12 13 16 132 291 125 134 24 34 40 191 192 193 194 25 15 196 23 26 195 197 198 201 46 199 191 50 51 47 60 224 64 70 254 264 85 88 55 56 87 86 62 63 94 97 290 98 95 96 91 93 99 92 294
12 13 16 132 291 125 134 24 34 40 15 23 25 26 191 192 193 194 196 195 197 203 206 215 205 204 210 216 209 213 218 217 115 208 32 221 211 112 219 114 294
12 13 16 132 291 125 134 24 34 40 15 23 25 26 191 192 193 196 194 195 197 198 201 46 191 50 51 60 224 64 70 254 264 85 63 86 47 55 56 62 199 88 94 95 91 87 97 98 92 101 93 96 99 294
13 16 132 291 125 134 24 34 40 23 15 12 25 26 191 192 193 196 194 195 294
12 13 16 132 291 125 134 24 34 40 15 23 25 26 294
