15 17 18 21 24 28 27 22 31 31 35 40 161 173 39 44 47 56 57 65 61 64 237 71 72 73 79 90 91 92 94 95 108 111 119 48 112 120 302
15 17 18 21 24 28 27 31 40 22 31 176 173 175 177 187 188 189 195 162 167 169 161 166 168 172 170 302
20 15 28 48 17 18 19 21 24 27 173 31 40 22 35 161 39 44 47 56 57 65 61 64 237 71 72 73 79 90 91 92 94 108 111 119 95 31 112 120 1 13 129 302
15 48 28 31 17 18 21 24 27 173 31 35 40 22 161 39 44 47 56 57 65 61 64 237 71 72 73 79 90 91 92 94 108 111 119 95 112 120 1 13 129 302
15 28 17 18 21 24 27 31 31 48 35 39 40 44 47 56 57 65 61 64 237 72 71 73 95 22 161 173 79 90 91 92 94 108 111 302
15 28 17 18 21 24 27 31 31 95 48 35 39 40 44 47 56 57 65 61 64 237 71 72 73 22 161 173 79 90 91 92 94 108 111 119 112 120 302
15 28 17 18 21 24 27 31 31 48 35 39 40 44 47 56 57 65 61 64 237 71 72 73 22 161 173 79 90 91 92 94 108 111 95 302
15 28 17 18 21 24 27 31 40 22 35 31 48 161 173 39 44 47 56 57 65 61 64 237 71 72 73 79 90 91 92 94 108 111 95 302
15 28 17 18 21 24 27 22 161 40 35 31 31 39 173 44 47 56 57 65 61 64 237 71 72 73 79 90 91 92 94 108 111 119 48 95 112 120 1 13 129 302
15 28 17 18 21 24 27 31 40 22 31 35 161 173 39 44 47 56 57 65 61 64 237 72 71 73 79 90 91 92 94 108 111 119 95 112 48 120 1 13 129 302
15 28 17 18 21 24 27 40 22 31 31 173 161 35 39 44 47 56 57 65 61 64 237 71 72 73 79 90 91 92 94 108 111 119 95 112 48 120 1 13 129 302
15 28 17 18 21 24 27 31 31 173 175 177 176 48 35 39 40 44 47 56 57 65 22 61 64 237 72 71 195 161 187 73 79 90 91 188 189 196 197 92 95 94 108 111 119 112 120 302
15 28 17 18 21 24 27 31 31 302
15 28 17 18 21 24 27 31 31 48 35 39 40 44 47 56 57 65 61 64 22 161 173 237 72 71 73 79 90 91 92 94 108 111 95 302
15 48 28 17 18 21 24 27 31 31 35 39 40 44 47 56 57 162 167 161 166 168 169 302
15 28 17 18 21 24 27 31 31 95 48 35 39 40 44 47 56 57 65 61 64 237 71 72 73 22 161 173 79 90 91 92 94 108 111 119 112 120 302
15 20 31 250 28 17 18 19 21 24 152 153 154 157 27 29 121 173 161 22 40 35 31 39 44 56 57 57 65 61 64 68 237 71 72 73 80 81 82 85 86 89 241 247 248 249 84 88 243 245 95 112 252 256 302
15 20 17 18 19 21 31 162 169 28 167 24 27 161 166 168 31 35 40 22 173 170 172 39 129 302
15 143 140 20 17 18 19 21 139 142 144 129 302
15 20 17 18 28 48 19 21 24 27 31 173 161 22 40 35 39 44 47 31 56 57 65 61 64 237 71 72 73 79 90 91 92 94 108 111 119 95 112 120 302
20 15 17 18 19 21 302
15 28 17 18 21 24 27 31 31 302
15 28 95 112 48 120 31 17 18 21 24 27 173 31 161 22 40 35 39 44 47 56 57 65 61 64 237 71 72 73 79 90 91 92 94 108 111 119 1 129 13 302
15 20 17 18 19 21 24 195 180 28 27 173 174 178 181 189 31 31 121 161 22 40 35 39 44 56 57 57 65 61 64 68 237 71 72 73 79 90 91 92 95 112 94 111 119 120 302
15 20 31 28 60 84 18 21 24 40 44 53 27 17 35 31 39 19 150 161 173 46 65 237 73 80 64 72 61 71 52 81 82 85 86 88 89 241 242 248 247 250 249 243 252 258 91 92 94 108 111 119 100 112 302
15 20 17 18 19 31 28 21 24 27 31 176 195 173 175 177 187 188 189 48 95 112 35 40 22 161 196 197 39 44 47 56 57 65 61 64 237 71 72 73 79 90 91 92 94 108 111 119 120 302
15 20 17 18 19 21 24 28 27 302
15 20 17 18 19 21 302
15 17 18 20 28 48 19 21 24 27 31 31 35 39 22 40 44 47 56 57 65 61 64 237 71 72 95 161 173 73 79 90 91 92 94 108 111 119 112 120 302
15 20 17 18 19 28 21 24 27 31 48 31 176 195 35 40 22 173 175 177 187 39 44 47 188 189 56 57 65 61 64 237 71 72 95 73 79 90 91 196 197 161 92 94 108 111 119 112 120 302
15 20 17 18 19 21 54 28 24 153 154 157 27 29 173 22 35 40 39 44 53 162 167 169 161 166 168 172 170 302
15 20 17 18 19 21 302
20 15 17 18 19 21 24 153 154 157 27 29 173 35 39 161 22 40 44 28 54 53 52 65 61 63 237 72 71 73 288 75 78 80 302
15 20 17 18 19 21 31 28 48 24 27 173 35 39 31 161 22 40 44 47 56 57 65 61 64 237 71 72 73 79 90 91 92 95 94 108 111 119 112 120 302
15 17 18 20 31 28 48 195 176 19 21 24 27 173 175 177 187 188 189 22 40 39 35 31 44 47 56 57 65 61 64 237 71 72 161 196 197 73 79 90 91 92 95 112 94 108 111 119 120 302
54 15 28 17 18 21 24 27 31 162 167 169 35 40 22 161 173 39 166 44 168 53 172 170 56 129 31 302
15 48 28 31 17 18 21 24 27 173 161 22 40 35 31 39 44 47 56 57 65 61 64 237 72 71 73 79 90 91 92 94 108 111 119 95 112 120 1 13 130 302
15 20 17 18 19 21 24 31 48 28 27 35 39 22 40 31 44 47 56 57 65 61 64 237 71 72 73 79 90 91 112 95 161 173 92 94 108 111 119 120 302
15 20 17 18 19 21 24 31 195 176 28 48 27 173 175 177 187 188 189 22 161 40 31 35 39 44 47 56 57 65 61 64 237 71 72 196 197 73 79 90 91 92 95 94 108 111 119 112 120 302
15 20 17 18 19 21 31 28 48 24 27 173 22 40 35 31 39 44 47 56 57 65 61 64 237 71 72 73 79 90 91 161 92 95 94 108 111 119 112 120 302
15 20 17 18 19 21 31 48 28 24 153 154 157 27 173 22 35 31 39 40 44 47 56 57 65 61 64 237 71 72 73 79 90 91 161 92 95 94 108 111 119 112 120 302
15 31 20 17 18 19 48 28 21 24 27 161 173 22 35 39 31 40 44 47 56 57 65 61 64 237 71 72 73 79 90 91 92 95 112 94 108 111 119 120 302
15 28 20 17 18 19 21 24 31 162 27 161 166 31 302
15 20 17 18 19 21 24 302
15 20 17 18 19 28 31 21 24 27 35 39 40 44 31 48 22 161 173 47 56 57 65 61 64 237 71 72 73 79 90 95 91 92 94 108 111 119 112 120 302
15 20 17 18 19 302
15 20 17 18 19 21 302
15 20 17 18 19 21 302
15 20 17 18 19 21 31 48 28 24 27 35 39 40 44 47 56 57 31 65 61 64 161 22 173 237 71 72 73 79 90 91 92 95 94 108 111 119 112 120 302
15 31 20 17 18 19 21 24 28 95 27 121 31 35 39 40 44 56 57 57 65 161 22 173 61 64 68 237 71 72 73 79 90 91 92 94 111 119 112 120 302
15 20 17 18 19 95 112 31 28 21 24 27 121 173 161 22 40 35 39 31 44 56 57 57 65 61 64 68 237 72 71 73 79 90 91 92 94 111 119 120 302
15 17 18 302
15 20 17 18 19 21 31 24 27 121 173 161 22 40 35 31 39 44 56 57 57 65 61 64 68 237 71 72 73 79 90 91 92 94 111 119 95 28 112 120 129 1 13 130 302
15 20 17 18 19 21 24 28 95 31 27 121 31 35 39 40 44 56 57 57 65 22 161 173 61 64 68 237 71 72 73 79 90 91 92 94 111 119 112 120 129 1 13 129 302
15 17 18 20 19 31 21 24 180 195 70 28 27 121 31 35 39 40 44 56 57 22 161 173 174 178 181 189 57 65 61 64 68 69 237 72 71 73 79 90 91 92 94 95 112 111 119 120 302
15 20 17 18 19 180 195 31 28 21 24 27 31 35 39 40 22 173 174 178 181 189 95 112 161 121 44 56 57 57 65 61 64 68 237 72 71 73 79 90 91 92 94 111 119 120 302
15 20 17 18 19 21 31 195 180 28 24 27 35 39 40 44 173 174 178 181 189 70 56 57 57 22 31 65 61 64 68 69 237 72 71 73 79 90 91 121 161 92 94 95 112 111 119 120 302
15 20 17 18 48 31 28 19 21 24 27 121 40 35 31 22 39 44 56 57 57 47 65 61 64 68 237 72 71 73 173 161 79 90 91 92 95 112 94 111 119 120 302
15 20 180 28 195 17 18 19 21 24 27 40 22 173 174 178 181 189 302
15 31 20 28 17 18 19 70 21 24 27 35 39 40 44 22 31 161 173 121 56 57 57 65 61 64 68 69 237 71 72 73 79 90 91 92 94 95 112 111 119 120 302
15 20 17 18 19 28 31 21 24 27 121 173 161 22 40 35 31 39 44 56 57 57 65 61 64 68 237 72 71 73 79 90 91 92 95 112 120 94 111 119 302
15 20 28 17 18 19 162 167 169 129 21 24 27 161 166 168 172 302
15 20 17 18 19 21 24 31 28 152 153 154 157 27 121 173 161 22 35 31 39 40 44 56 57 57 65 61 64 68 237 71 72 73 79 90 91 92 95 112 94 111 119 120 302
28 15 31 17 18 21 24 27 121 173 161 22 40 35 31 39 44 56 57 57 65 61 64 68 237 72 71 73 79 90 91 92 94 111 119 95 112 120 129 1 13 129 302
15 20 17 18 19 31 21 24 27 121 173 161 22 40 35 31 39 44 56 57 57 65 61 64 68 237 71 72 73 79 90 91 92 94 111 119 95 112 120 28 129 1 13 129 302
15 28 20 17 18 19 21 24 31 48 27 22 40 35 39 44 56 57 57 47 31 65 61 64 68 237 71 72 121 173 161 73 79 90 91 92 95 112 94 111 119 120 302
15 20 17 18 19 21 24 31 195 28 180 27 31 35 40 39 44 173 174 178 181 189 70 22 161 121 56 57 57 65 61 64 68 69 237 71 72 73 79 90 91 92 94 111 119 95 112 120 302
15 17 18 19 20 28 31 21 24 27 121 173 161 22 40 35 39 44 56 57 57 31 65 61 64 68 237 72 71 73 79 90 91 92 95 112 94 111 119 120 302
15 20 17 18 19 21 302
15 20 17 18 19 21 24 31 180 28 27 35 39 40 44 22 31 173 174 178 181 189 195 70 56 57 57 65 61 64 68 69 237 71 72 73 121 79 90 91 161 92 94 111 119 95 112 120 302
15 20 17 18 19 21 24 302
15 20 17 18 19 21 24 31 28 195 180 27 173 174 178 181 189 22 40 35 39 44 56 57 57 121 31 61 64 65 68 237 72 71 161 73 79 90 91 92 94 111 119 95 112 120 302
15 20 17 18 19 129 95 28 31 21 24 27 121 31 173 161 22 40 35 39 44 56 57 57 65 61 64 68 237 71 72 73 79 90 91 92 112 94 111 119 120 1 13 129 302
15 20 28 31 195 180 70 48 17 18 19 21 24 152 153 154 157 27 121 31 35 40 22 161 173 174 178 181 189 39 44 56 57 47 65 61 64 68 69 237 71 72 73 74 75 78 79 80 82 81 85 86 89 241 302
15 31 17 18 19 28 20 21 24 152 153 154 157 27 31 35 40 22 161 39 44 56 57 57 65 61 64 68 237 72 71 73 79 90 95 173 121 91 92 94 111 119 112 120 302
15 17 18 19 21 20 24 27 28 169 167 161 162 166 168 133 171 137 302
15 17 18 31 70 28 20 19 21 24 27 31 35 39 40 44 22 161 173 121 56 57 57 65 61 64 68 69 237 71 72 73 79 90 91 92 94 95 112 111 119 120 302
15 17 18 19 21 28 20 31 24 27 121 31 40 35 22 161 173 39 44 56 57 57 65 61 64 68 237 72 71 73 79 90 91 92 94 111 119 95 112 120 129 1 13 129 302
15 31 20 17 18 19 21 24 27 28 70 35 39 31 40 22 161 173 121 44 56 57 57 65 61 64 68 69 237 71 72 73 79 90 91 92 94 111 119 95 112 120 302
15 20 17 18 19 21 180 195 28 24 27 173 174 178 181 189 302
15 20 17 18 19 28 31 21 24 27 121 173 161 22 40 31 35 39 44 56 57 57 65 61 64 68 237 72 71 73 79 90 91 92 112 95 94 111 119 120 302
15 17 18 20 28 31 180 21 24 27 31 35 39 40 173 174 178 181 189 195 22 161 121 19 44 302
15 31 17 18 20 28 19 21 24 27 31 40 22 161 35 173 121 39 44 56 57 57 65 61 64 68 237 72 71 73 79 90 91 92 94 111 119 95 112 120 302
15 20 17 18 28 31 95 112 19 21 24 27 121 31 35 39 40 22 161 173 44 56 57 57 65 61 64 68 237 71 72 73 79 90 91 92 94 111 119 120 302
15 20 17 18 19 21 24 302
15 20 17 18 19 21 31 195 28 180 24 27 31 35 40 22 173 174 178 181 189 95 112 161 121 39 44 56 57 57 65 61 64 68 237 72 71 73 79 90 91 92 94 111 119 120 302
15 20 17 18 19 28 31 180 195 95 112 21 24 27 121 31 35 39 40 44 56 57 57 65 22 161 173 174 178 181 189 61 64 68 237 72 71 73 79 90 91 92 94 111 119 120 302
15 28 20 17 18 19 31 21 24 152 153 154 157 27 121 31 35 40 22 161 173 39 44 56 57 57 65 61 64 68 237 72 71 73 79 90 91 92 94 111 119 95 112 120 302
15 20 17 18 19 162 28 169 129 167 21 24 27 121 161 166 168 172 129 302
15 20 17 18 19 21 24 28 31 27 121 173 161 22 40 31 35 39 44 56 57 57 65 61 64 68 237 71 72 73 79 90 91 92 95 112 94 111 119 120 302
15 20 17 18 19 31 162 129 169 28 167 21 24 27 121 31 173 22 40 161 166 168 172 129 302
15 20 17 18 19 21 302
15 20 17 18 19 21 162 129 169 167 28 24 27 121 173 161 166 168 172 129 302
15 28 20 17 18 19 21 24 152 153 154 157 27 121 31 35 40 22 161 173 39 44 56 57 57 65 61 64 68 237 72 71 73 79 90 91 92 94 111 119 31 95 112 120 302
15 20 28 17 18 19 21 31 95 112 24 27 121 31 35 39 40 44 56 57 57 65 22 161 173 61 64 68 237 71 72 73 74 75 78 79 91 92 94 111 119 120 302
15 20 17 18 19 21 31 28 24 27 31 35 39 40 44 56 57 57 65 61 64 68 237 71 72 22 73 161 173 121 79 90 91 92 94 111 119 95 112 120 302
15 20 17 18 19 21 302
95 20 112 28 15 17 18 19 21 24 27 121 31 35 39 173 161 40 22 44 56 57 57 65 64 61 68 237 72 71 73 79 90 91 92 94 111 119 120 31 302
20 15 17 18 19 21 24 152 153 154 157 84 88 27 29 35 40 22 161 173 121 39 44 56 57 57 65 61 64 68 237 72 71 73 80 81 82 85 86 89 241 28 247 248 250 245 243 249 252 256 257 90 92 94 302
15 20 17 18 19 21 24 28 31 27 121 173 161 22 40 35 31 39 44 56 57 57 65 61 64 68 237 71 72 73 79 90 91 92 95 94 111 119 112 120 302
15 20 17 18 19 21 24 28 31 27 121 173 40 22 161 31 35 39 44 56 57 57 65 61 64 68 237 71 72 73 79 90 91 92 95 94 111 119 112 120 302
15 20 17 18 19 28 31 21 24 27 31 35 39 40 44 56 57 57 65 61 64 68 237 71 72 73 22 161 173 121 79 90 91 92 94 111 119 95 112 120 302
15 20 17 18 19 21 24 152 153 154 157 302
15 20 17 18 19 31 28 21 24 27 121 173 161 22 40 35 31 39 44 56 57 57 65 61 64 68 237 72 71 73 79 90 91 92 94 111 119 112 95 120 1 13 129 130 302
15 20 17 18 19 31 28 21 24 27 121 22 40 35 39 44 56 57 57 31 65 180 195 173 174 178 181 189 161 61 64 68 237 72 71 73 79 90 91 92 94 111 119 95 112 120 302
15 20 17 18 19 21 24 31 28 27 121 31 35 39 40 44 56 57 57 65 61 64 68 237 71 72 73 79 90 91 22 161 173 92 94 111 119 112 95 120 302
15 20 28 17 161 18 19 21 297 150 22 24 153 154 157 27 29 40 198 173 35 39 44 46 52 56 65 300 61 64 68 237 71 72 73 80 81 82 83 88 89 241 247 248 249 250 245 243 252 256 90 92 95 94 302
15 20 17 18 19 21 162 28 24 27 121 161 166 168 172 129 169 167 129 302
15 17 18 19 21 20 28 31 24 27 121 173 161 22 40 35 39 44 56 57 57 31 65 61 64 68 237 71 72 73 79 90 91 92 94 111 119 112 95 120 302
15 20 143 140 17 18 19 21 139 142 144 302
15 20 17 18 19 21 24 28 31 27 121 31 302
15 20 17 18 19 21 24 302
15 20 17 18 19 21 24 28 31 112 95 27 121 31 35 40 22 161 173 39 44 56 57 57 65 61 64 68 237 72 71 73 79 90 91 92 94 111 119 120 302
15 20 28 31 18 21 19 17 24 152 153 154 157 302
15 20 17 18 19 21 24 31 28 27 121 173 161 22 40 39 35 44 56 57 57 31 65 61 64 68 237 72 71 73 79 90 91 92 94 111 119 112 95 120 302
15 20 17 18 19 21 24 31 28 27 121 162 169 167 31 22 161 166 168 172 129 130 302
15 20 17 18 19 21 24 28 31 27 121 173 161 22 40 35 39 44 56 57 57 31 65 61 64 68 237 71 72 73 79 90 91 92 95 112 94 111 119 120 302
15 20 17 18 19 31 28 21 24 27 121 173 161 22 40 35 39 44 56 57 57 31 65 61 64 68 237 72 71 73 79 90 91 92 94 111 119 112 95 120 302
15 20 17 18 19 28 31 112 95 21 24 152 153 154 157 27 121 31 35 40 22 161 173 39 44 56 57 57 65 61 64 68 237 72 71 73 79 90 91 92 94 111 119 120 302
15 20 17 18 19 31 28 95 112 21 24 27 121 31 35 39 40 44 56 57 57 65 22 161 173 61 64 68 237 71 72 73 79 90 91 92 94 111 119 120 302
15 17 18 19 21 24 20 31 28 27 121 173 161 22 40 35 39 44 56 57 57 31 65 61 64 68 237 71 72 73 79 90 91 92 112 95 94 111 119 120 302
15 17 18 19 21 24 20 28 31 27 31 35 39 40 44 56 57 22 161 173 121 57 65 61 64 68 237 71 72 73 79 90 91 92 94 111 119 112 95 120 302
15 20 17 18 19 21 24 27 31 48 195 128 125 180 28 173 174 178 181 189 35 39 31 121 122 123 124 126 127 40 44 56 57 47 65 61 302
15 20 28 17 18 19 31 21 24 27 198 31 35 40 150 161 173 39 44 46 52 56 65 61 64 68 237 71 72 73 79 90 91 92 95 94 112 111 119 120 302
20 15 31 28 17 18 19 21 24 27 121 31 35 39 40 44 56 57 57 65 22 161 173 61 64 68 237 71 72 73 79 90 91 92 94 111 119 95 112 120 129 1 13 130 302
15 20 17 18 28 31 19 21 24 27 121 173 161 22 40 35 31 39 44 56 57 57 65 61 64 68 237 71 72 73 79 90 91 92 94 111 119 112 95 120 302
15 28 20 17 18 19 21 24 27 31 31 22 161 173 121 35 40 39 302
20 15 17 18 19 21 24 27 28 31 121 173 161 22 40 39 35 44 56 57 57 31 65 61 64 68 237 71 72 73 79 90 91 92 94 111 119 95 112 120 302
258 15 28 20 28 31 261 70 18 21 19 24 27 44 46 56 65 68 52 61 17 39 64 69 237 71 72 73 79 90 263 274 260 268 275 283 91 92 95 94 111 112 120 119 302
15 20 17 18 19 21 24 302
15 31 20 17 18 19 21 24 27 28 198 31 35 40 150 161 173 39 44 46 52 56 65 61 64 68 70 69 237 72 71 73 79 90 91 92 94 95 112 111 119 120 302
15 20 28 17 18 19 21 24 27 31 162 167 169 31 161 166 168 172 129 130 302
15 20 28 17 18 19 21 24 27 31 31 35 39 40 22 161 173 121 44 46 52 56 65 64 61 68 237 72 71 73 79 90 91 92 94 111 119 95 112 120 302
15 17 18 19 20 28 21 24 27 31 31 150 35 39 40 44 46 52 56 59 60 65 61 64 68 169 167 161 162 166 168 171 133 137 302
15 17 18 20 19 21 24 302
28 15 20 18 21 22 24 153 154 19 17 161 157 158 302
15 17 161 18 20 19 21 24 28 27 33 150 35 39 44 46 52 56 61 300 297 64 68 22 23 198 173 237 72 71 73 79 90 91 92 94 95 107 111 112 119 120 302
15 17 161 150 297 18 19 20 21 24 153 154 157 158 160 27 28 29 33 198 173 35 40 39 44 46 52 56 65 300 61 64 68 237 72 71 73 80 81 82 83 89 241 247 248 249 88 250 245 243 252 256 258 92 302
15 17 161 150 18 297 19 20 21 24 153 154 157 158 160 28 27 29 33 35 302
15 17 161 18 297 150 19 20 21 24 27 28 33 35 39 44 46 52 56 61 64 68 237 71 72 73 198 173 22 23 79 90 91 92 95 94 107 111 119 112 120 302
15 20 28 33 17 161 18 19 21 24 153 154 157 297 150 22 27 29 40 198 173 35 39 44 46 52 56 65 300 61 64 68 237 71 72 73 80 82 81 83 88 89 241 245 248 247 249 250 243 252 254 253 256 255 302
15 17 18 20 19 21 24 27 28 22 33 35 39 44 46 52 56 61 64 68 237 72 71 297 150 161 198 173 23 73 79 90 91 92 94 95 107 111 112 119 120 302
15 17 297 18 20 19 21 24 27 28 33 150 161 22 198 173 35 39 44 46 52 56 61 64 300 68 237 71 72 73 79 90 91 92 94 95 107 111 112 119 120 302
15 17 161 150 297 18 19 21 24 27 20 28 33 35 39 44 46 52 56 300 22 198 173 61 64 68 237 71 72 73 79 90 91 92 94 95 107 112 111 120 119 302
15 17 161 150 297 18 19 20 21 24 153 154 157 158 28 27 33 22 23 198 173 35 39 44 46 52 56 61 64 68 237 71 72 73 79 90 91 92 94 107 111 119 112 95 120 302
15 17 161 150 297 18 20 19 21 24 27 28 33 173 22 23 35 39 44 46 52 56 61 64 68 237 300 198 72 71 73 79 90 91 92 94 107 95 111 112 119 120 109 302
15 17 161 150 297 18 20 19 21 24 27 28 33 22 23 198 173 35 39 44 46 52 56 61 64 68 237 71 72 73 79 90 91 92 13 129 94 95 107 112 111 119 120 109 1 302
15 17 18 19 20 21 24 28 27 297 150 161 22 198 173 35 39 23 44 46 52 56 61 64 300 68 237 71 72 73 79 90 91 92 94 95 107 112 111 109 119 33 120 302
15 20 28 60 18 297 150 21 22 24 33 44 46 56 23 35 52 19 27 17 39 59 61 64 68 237 72 71 161 198 173 73 79 90 91 92 94 107 111 119 112 95 120 302
15 17 18 150 297 19 20 21 24 27 28 22 33 35 23 39 44 46 52 56 61 161 198 300 64 68 237 71 72 73 79 90 91 92 173 94 107 111 119 112 95 120 302
15 17 150 18 19 20 21 24 28 27 297 161 22 198 173 35 39 44 46 52 56 61 64 68 237 71 72 73 79 90 91 92 33 95 94 107 112 111 119 120 302
15 17 18 20 19 21 24 27 28 150 22 23 33 297 161 198 173 35 39 44 46 52 56 61 64 300 68 237 71 72 73 79 90 91 92 94 95 107 111 119 112 120 302
15 17 18 20 19 21 24 27 28 150 22 33 297 35 39 44 46 52 56 300 61 64 68 237 71 72 162 161 167 166 129 170 172 131 130 302
15 18 17 19 20 21 24 27 28 297 150 161 33 35 39 44 46 52 56 61 64 302
15 17 18 19 20 28 21 297 150 24 27 33 161 22 198 173 35 39 44 46 52 56 61 300 64 68 237 72 71 73 79 90 91 92 94 107 111 119 95 112 120 129 13 1 130 302
15 20 28 95 112 120 13 129 18 297 150 161 21 22 24 198 173 33 44 46 56 300 68 237 73 79 90 91 1 61 107 119 92 111 64 27 72 52 39 71 17 94 35 19 130 302
15 28 20 21 18 297 150 161 22 24 198 173 19 17 27 33 35 39 44 46 52 56 61 300 64 68 237 71 72 73 79 90 91 92 95 94 107 111 119 1 13 112 120 129 130 302
15 33 20 28 18 297 150 161 21 24 27 17 19 173 174 178 181 180 189 195 35 39 44 46 52 56 64 61 68 237 71 72 198 22 23 73 79 90 91 92 94 107 111 119 109 112 95 120 302
15 17 161 150 297 18 19 20 21 24 28 27 35 39 44 46 52 56 33 300 61 173 174 178 181 180 195 189 198 22 23 64 68 237 73 71 72 79 90 91 92 94 107 111 119 109 95 112 120 302
15 20 28 60 70 18 297 150 161 21 22 24 198 173 33 44 46 65 68 237 73 79 300 90 91 52 19 61 64 72 39 71 92 59 35 94 69 17 27 95 107 111 112 119 120 302
15 28 20 18 297 150 161 21 24 33 44 46 56 19 39 27 17 35 52 61 64 68 237 72 71 22 23 198 173 73 79 90 91 92 94 107 111 112 119 95 120 302
15 17 161 150 297 18 19 21 24 153 154 157 158 160 27 29 198 173 28 20 35 33 302
15 17 161 150 297 18 19 21 24 27 20 28 33 22 198 173 23 35 39 44 46 52 56 61 64 300 68 237 71 72 73 79 90 91 92 94 95 107 112 111 120 119 302
15 33 28 20 18 297 150 21 22 24 17 19 27 161 35 39 44 198 173 46 52 56 61 64 68 237 72 71 73 79 90 91 92 94 107 111 119 95 112 120 302
15 20 28 17 18 297 150 19 138 152 153 154 157 158 160 27 29 40 161 162 167 166 133 171 302
15 17 18 297 150 161 19 21 22 24 27 28 20 33 173 174 178 180 181 189 195 39 35 44 46 52 56 61 300 64 68 237 71 72 198 73 79 90 91 92 94 95 107 111 119 112 120 302
15 17 161 18 297 150 20 19 21 24 28 27 302
15 17 161 18 20 19 21 24 28 27 297 150 22 23 35 39 44 46 52 56 61 64 33 198 173 300 68 237 72 71 73 79 90 91 92 94 107 111 119 109 95 112 120 302
15 17 18 19 20 297 150 161 21 22 24 28 27 33 35 39 44 46 52 56 61 64 68 237 72 71 73 79 90 91 92 302
15 17 18 162 161 167 166 172 129 130 302
15 143 20 18 297 150 161 17 19 21 142 302
15 17 18 20 28 297 150 161 19 21 24 27 22 198 173 35 39 44 46 52 56 61 64 300 68 237 71 72 73 79 90 91 92 94 107 111 119 95 33 112 120 129 13 1 130 302
15 20 28 18 297 150 161 21 22 24 198 173 19 17 27 35 39 44 46 52 56 61 300 64 68 237 71 72 73 79 90 91 92 94 107 111 119 95 33 112 120 13 129 1 130 302
15 17 18 20 19 21 24 297 150 161 22 28 27 198 173 35 39 44 46 52 56 61 300 64 68 237 72 71 73 79 90 91 92 94 107 111 119 95 33 112 120 13 129 1 130 302
15 17 18 20 297 150 161 19 21 24 22 27 28 35 198 173 39 44 46 52 56 61 300 64 68 237 72 71 73 79 90 91 92 94 107 111 119 95 33 112 120 13 129 1 130 302
15 20 28 33 195 181 18 297 150 161 21 22 24 27 17 19 173 174 178 180 189 23 198 35 39 44 46 52 56 61 64 68 237 72 71 73 79 90 91 92 302
15 17 161 18 297 150 19 21 24 22 27 20 28 33 198 173 35 39 44 46 52 56 61 64 300 68 237 72 71 73 79 90 91 92 13 94 95 107 111 119 112 120 129 1 130 302
15 17 18 19 20 21 24 28 27 22 33 297 150 161 198 173 23 35 39 44 46 52 56 61 64 68 237 72 71 73 79 90 91 92 94 302
15 17 18 297 150 161 19 20 21 24 28 27 22 33 302
15 28 17 150 18 20 19 21 24 27 33 302
15 17 161 18 297 150 20 19 21 24 27 28 22 198 173 35 39 44 46 52 56 61 64 68 237 71 72 73 79 90 91 92 95 94 107 112 111 119 33 120 302
15 17 161 18 20 19 21 24 27 28 297 150 22 198 173 35 39 44 46 52 56 61 64 68 237 71 72 73 79 90 91 92 95 94 107 112 111 119 33 120 1 302
15 18 21 24 19 27 17 297 150 161 28 20 22 198 173 35 39 44 46 52 56 61 64 68 237 300 72 71 73 79 90 91 92 95 94 107 112 111 119 33 120 302
15 17 161 18 20 19 297 150 21 24 27 28 33 22 198 173 23 35 39 44 46 52 56 61 68 64 237 73 72 71 79 90 91 92 94 107 109 111 119 95 112 120 302
15 17 18 19 21 24 27 22 20 28 33 297 150 161 198 173 23 35 39 44 46 52 56 61 68 64 237 72 71 73 79 90 91 92 94 107 111 119 109 112 95 120 302
15 17 18 297 150 161 19 20 21 24 27 28 33 35 39 44 46 52 56 61 64 68 237 71 72 73 79 90 91 92 173 94 107 111 119 95 112 120 302
15 17 161 18 19 21 24 27 297 150 28 20 33 302
15 28 20 17 18 19 21 24 153 154 157 27 29 161 162 166 171 137 167 133 302
15 17 18 297 150 161 162 166 167 133 171 137 302
15 17 18 297 150 20 19 21 24 28 27 22 198 173 35 33 161 302
15 17 161 18 19 20 21 24 27 28 297 150 84 33 22 243 245 198 173 35 39 44 46 52 59 60 65 300 61 64 68 237 71 72 73 80 82 81 83 85 86 88 89 241 247 248 249 250 252 256 90 92 94 107 302
15 17 18 19 20 21 24 27 28 297 150 161 22 198 173 35 39 44 46 52 56 61 300 64 68 237 71 72 73 79 90 91 92 94 107 111 119 95 13 33 112 120 133 1 137 302
15 17 161 18 20 19 21 24 28 27 33 297 150 22 23 198 173 35 39 44 46 52 56 64 61 68 237 72 71 73 79 90 91 92 94 107 109 111 119 95 112 120 302
15 17 18 297 150 19 20 21 24 28 27 22 33 161 198 173 35 39 44 46 52 56 61 64 68 237 71 72 73 79 90 91 92 94 95 107 111 119 112 120 302
15 17 18 297 150 20 19 21 24 28 27 33 302
15 17 18 19 21 24 27 28 20 33 162 161 166 172 129 130 167 302
15 18 21 24 19 27 17 28 20 33 181 191 297 150 161 22 23 198 173 174 178 180 190 35 39 44 240 52 56 61 64 68 237 71 72 73 79 258 91 92 94 107 112 111 119 100 120 302
15 17 18 20 19 21 24 28 27 33 173 174 178 180 181 189 195 35 39 44 240 52 56 61 64 68 237 73 71 72 79 258 91 92 167 161 162 166 171 133 137 302
15 17 18 19 20 21 24 153 154 157 158 160 28 27 29 33 22 161 150 297 198 173 35 38 40 44 202 52 56 62 63 300 65 55 237 72 71 73 288 75 78 80 81 82 83 88 89 241 248 250 249 252 256 92 302
15 17 18 297 150 161 19 20 21 24 28 27 33 35 22 198 173 39 44 46 52 56 61 64 68 237 300 23 72 71 73 79 90 91 92 94 95 107 111 112 302
15 17 161 18 19 20 21 24 27 28 297 150 22 198 173 35 23 39 44 46 56 52 61 64 68 237 71 72 73 79 90 91 92 94 95 107 112 111 119 109 33 120 302
15 20 28 18 21 24 17 19 161 33 39 35 27 44 46 52 56 61 64 68 237 72 71 73 79 90 91 92 94 173 107 111 119 112 95 120 302
15 162 33 17 18 21 24 28 27 297 150 161 166 22 198 173 35 172 130 167 129 302
15 17 161 18 19 21 24 27 20 28 33 297 150 22 198 173 35 39 44 46 52 56 61 64 68 237 238 71 239 72 73 79 90 91 92 94 107 111 119 95 112 120 302
15 17 161 18 19 20 21 24 27 28 33 297 150 22 198 173 35 39 44 46 52 56 61 64 68 237 238 239 71 72 73 79 90 91 92 94 107 111 119 112 95 120 302
15 17 161 18 20 19 21 24 27 28 33 297 150 22 198 173 35 39 44 46 52 56 61 68 64 237 73 71 72 79 90 91 92 94 107 111 119 95 112 120 302
15 17 161 18 19 20 21 24 28 27 150 33 35 39 44 46 52 56 61 64 68 237 72 71 73 79 90 91 92 94 173 107 111 119 112 95 120 302
15 20 28 35 18 161 21 24 19 27 17 33 302
15 17 161 18 20 19 21 24 28 27 33 35 39 44 240 52 56 61 64 68 237 71 72 73 79 258 91 92 94 100 107 111 112 119 120 302
15 17 161 18 19 20 21 24 27 28 297 150 22 198 173 35 39 44 46 56 52 61 64 68 237 71 72 73 79 90 91 92 94 95 107 112 111 119 33 120 302
15 17 161 18 19 21 24 27 20 28 35 39 44 33 297 150 22 198 173 46 52 56 61 64 68 237 73 71 72 79 258 91 92 94 100 107 112 111 119 120 302
15 17 161 18 20 19 21 24 27 28 22 198 173 297 150 35 39 44 46 52 56 61 64 68 237 71 72 73 79 90 91 92 94 107 111 119 33 112 95 120 302
15 17 161 18 20 19 21 24 27 28 33 35 39 44 240 52 56 297 150 22 23 61 64 68 237 173 174 178 181 180 191 190 71 72 73 79 258 91 92 94 107 111 119 100 112 120 302
15 18 161 19 17 21 24 27 28 20 297 150 22 23 198 173 35 39 44 46 52 56 61 64 68 237 73 71 72 79 90 91 92 94 107 111 119 109 33 112 95 120 302
15 17 18 20 19 21 24 27 28 22 23 150 297 161 198 35 39 44 46 52 56 61 64 68 237 72 71 73 79 90 91 92 33 94 107 112 111 119 109 95 120 302
15 20 18 161 19 17 21 24 27 28 33 297 39 44 240 52 56 64 61 68 237 72 71 73 79 258 91 92 94 107 111 119 100 112 120 302
15 17 18 19 21 24 27 28 20 33 150 161 162 166 167 133 171 137 302
15 17 18 19 20 150 21 24 27 28 22 33 297 161 198 173 23 39 35 44 240 52 56 61 68 64 237 71 72 73 79 258 91 92 94 107 111 119 109 100 112 120 302
15 17 161 18 19 20 21 24 28 27 33 302
15 17 161 18 19 20 21 24 27 28 297 150 22 23 198 173 35 39 44 46 52 56 61 64 68 237 72 71 73 79 90 91 92 94 107 111 119 109 33 112 95 120 302
15 17 161 18 20 19 21 24 28 27 33 297 150 22 23 35 39 44 240 52 56 61 64 68 237 72 71 73 79 258 91 92 94 107 109 111 119 112 100 120 133 13 1 131 137 302
15 17 161 18 19 20 21 24 27 28 33 35 39 44 240 52 56 61 64 68 237 72 71 198 22 297 150 23 73 79 258 91 92 173 174 178 181 180 191 190 94 107 111 119 109 100 112 120 302
15 17 161 18 19 21 24 27 20 28 33 35 39 44 240 52 56 61 64 68 237 71 72 73 79 258 91 92 173 94 112 100 107 111 119 120 302
15 17 161 18 19 21 24 27 20 28 33 302
15 17 161 18 20 19 21 24 28 27 33 297 150 22 23 198 35 39 44 240 52 56 61 64 68 237 71 72 73 79 258 91 92 173 174 178 180 181 190 191 112 100 94 107 111 109 119 120 302
15 17 161 18 19 20 21 24 153 154 157 27 28 29 33 22 150 198 23 297 35 39 40 44 240 52 56 65 61 64 68 237 71 72 73 80 82 81 83 88 89 241 247 248 249 250 245 243 173 252 256 258 92 95 302
15 17 161 18 19 21 24 27 28 20 33 35 297 150 198 173 39 44 240 52 56 61 68 64 237 72 71 73 79 258 91 92 94 100 107 111 112 119 120 302
15 17 18 150 20 19 21 24 28 27 22 23 33 297 161 198 35 39 44 240 52 56 61 64 68 237 71 72 73 79 258 91 92 100 94 107 112 111 119 109 120 302
15 16 17 18 19 20 138 152 28 27 22 33 23 35 39 44 240 52 56 61 64 68 237 72 71 173 174 178 180 181 190 191 302
15 16 17 18 19 20 138 152 28 27 22 33 23 35 39 44 240 52 56 61 64 68 237 71 72 73 79 258 91 92 100 94 107 111 112 109 119 120 302
15 16 17 18 19 20 138 152 27 28 22 33 23 35 39 44 240 52 56 61 64 68 237 71 72 73 79 258 91 92 94 107 111 112 119 109 100 120 302
15 16 17 18 19 20 138 152 28 27 33 22 23 35 39 44 240 52 56 61 64 68 237 71 72 73 79 258 91 92 94 100 107 109 111 119 112 120 302
15 16 17 18 20 19 138 152 27 28 22 33 35 39 44 240 52 56 61 64 68 237 72 71 73 79 258 91 92 94 107 111 119 100 112 120 133 13 1 11 137 302
15 16 17 18 20 19 138 152 28 27 33 35 39 44 240 52 56 64 61 68 237 72 71 73 79 258 91 92 94 107 111 119 100 112 120 302
15 16 17 18 19 20 138 152 28 27 33 35 173 174 178 181 180 190 191 39 22 23 44 240 52 56 61 64 68 237 72 71 73 79 258 91 92 94 100 107 109 112 111 119 120 302
15 16 17 18 19 138 152 153 154 157 158 28 20 160 27 29 40 35 39 44 240 52 56 65 61 64 68 237 71 72 73 80 82 81 83 89 241 88 247 248 249 250 245 243 95 252 22 23 256 258 92 97 107 111 302
15 16 17 18 19 138 152 27 33 28 20 22 23 35 39 44 240 52 56 61 64 68 237 73 72 71 79 258 91 92 94 107 111 119 109 112 100 120 302
15 16 17 18 19 20 138 152 27 28 33 22 23 35 39 44 240 52 56 61 64 68 237 71 72 73 79 258 91 92 94 107 111 119 109 112 100 120 302
15 16 17 18 19 20 138 152 28 27 33 22 23 35 39 44 240 52 56 64 61 68 237 72 71 73 79 258 91 92 94 100 107 112 111 109 119 120 302
15 16 17 18 19 20 138 152 27 28 33 22 23 35 39 44 240 52 56 61 64 68 237 72 71 73 79 258 91 92 94 100 107 111 112 119 109 120 302
15 16 17 18 19 20 138 152 27 28 33 22 23 35 39 44 240 52 56 61 64 68 237 72 71 73 79 258 91 92 94 100 107 111 112 119 109 120 302
15 16 17 18 20 19 138 152 28 27 22 33 23 35 39 44 240 52 56 61 64 68 237 71 72 73 79 258 91 92 94 100 107 111 112 120 109 119 302
15 16 17 18 19 138 152 27 22 33 28 20 302
15 16 17 18 19 20 138 152 28 27 22 23 33 35 39 44 240 52 56 61 64 68 237 238 239 72 71 73 79 258 91 92 94 107 111 119 109 100 112 120 302
15 16 17 18 20 19 138 152 27 28 33 22 23 35 39 44 240 52 56 61 64 68 237 71 72 73 79 258 91 92 94 107 111 109 119 112 100 120 302
15 16 17 18 19 20 138 152 28 27 33 22 35 39 44 240 52 56 61 64 68 237 72 71 73 79 258 91 92 94 107 111 119 100 112 120 302
15 16 17 18 20 19 138 152 27 28 33 22 23 35 39 44 240 52 56 64 61 68 237 73 72 71 79 258 91 92 94 100 107 112 111 119 109 120 302
15 16 17 18 20 19 138 152 28 27 33 22 23 35 39 44 240 52 56 61 64 68 237 71 72 73 79 258 91 92 94 107 111 109 119 100 112 120 302
15 16 17 18 19 138 20 28 22 152 27 35 39 44 240 52 56 33 61 64 68 237 71 72 73 79 258 91 92 94 100 107 111 119 112 120 1 302
15 16 17 18 19 20 138 152 28 27 33 35 39 44 240 52 56 61 64 68 237 71 72 73 79 258 91 92 94 107 111 119 100 112 120 1 13 11 133 137 302
15 16 17 18 20 19 138 152 27 28 181 173 174 178 180 191 190 161 162 166 167 171 133 302
15 16 17 18 20 19 138 152 28 27 22 23 33 35 39 44 240 52 56 61 68 64 237 71 72 73 79 258 91 92 94 107 111 119 109 100 112 120 302
15 16 17 18 20 19 138 152 28 27 22 33 161 162 167 166 133 171 137 302
15 16 17 18 19 20 138 152 27 28 33 35 39 44 240 52 56 61 64 68 237 72 71 73 79 258 91 92 94 107 111 119 100 112 120 13 133 1 11 137 302
15 16 17 18 20 19 138 152 28 27 33 22 35 39 44 240 52 56 61 68 64 237 73 71 72 79 258 91 92 94 100 107 112 111 119 120 302
15 16 17 18 20 19 138 152 27 28 22 33 35 39 44 240 52 56 61 64 68 237 72 71 73 79 258 91 92 94 107 111 119 112 100 120 302
15 28 16 17 18 20 19 138 100 112 120 133 13 22 152 27 35 33 39 44 240 52 56 61 64 68 237 71 72 73 79 258 91 92 94 107 111 119 1 11 137 302
15 16 17 18 19 302
15 16 17 18 20 19 138 152 27 28 33 22 35 44 240 56 39 52 68 61 64 237 71 72 73 79 258 91 92 94 107 111 119 112 100 120 302
15 16 17 18 19 20 138 152 153 154 157 27 28 29 40 33 22 88 35 38 44 202 52 56 62 250 245 243 63 297 150 198 173 300 65 161 55 237 72 71 73 80 82 81 83 89 241 248 247 249 252 256 258 92 302
15 16 17 18 20 19 138 152 27 28 22 23 33 173 174 178 181 180 191 190 35 39 44 240 52 56 61 64 68 237 72 71 73 79 258 91 92 94 100 107 112 111 119 109 120 302
15 16 17 18 20 19 138 152 27 28 33 35 39 44 240 52 56 61 64 68 237 71 72 73 79 258 91 92 94 107 111 119 100 112 120 13 133 1 11 137 302
15 16 17 18 19 20 138 152 27 28 22 33 161 162 166 167 170 171 133 302
15 16 17 18 19 20 138 152 28 27 33 22 23 39 35 44 240 52 56 61 68 64 237 72 71 73 79 258 91 92 94 100 107 109 111 119 112 120 302
15 16 17 18 302
15 16 17 18 19 138 152 27 35 33 20 28 39 44 240 52 56 64 61 68 237 72 71 73 79 258 91 92 94 100 107 111 112 119 120 302
15 16 17 18 19 20 138 152 27 28 33 22 35 39 44 240 52 56 61 64 68 237 72 71 73 79 258 91 92 94 100 107 112 111 119 120 302
15 16 17 18 20 19 138 152 28 27 33 22 23 35 39 44 240 52 56 61 64 68 237 72 71 73 79 258 91 92 173 174 178 180 181 191 190 94 107 111 109 119 100 112 120 302
15 16 17 18 19 20 138 152 28 27 33 161 162 167 166 171 133 137 302
15 16 17 18 19 138 152 27 33 28 20 302
15 16 17 18 19 138 152 27 33 20 28 22 23 35 39 44 240 52 56 61 64 68 237 72 71 73 79 258 91 92 100 94 107 109 112 111 119 120 302
15 16 17 18 19 20 138 152 28 27 33 22 23 35 39 44 240 52 56 61 68 237 64 73 79 71 72 258 91 92 94 107 111 119 109 100 112 120 302
15 16 17 18 20 19 138 152 28 27 22 33 35 39 44 240 52 56 61 64 68 237 71 72 73 79 258 91 92 161 162 167 166 133 171 137 302
15 16 17 18 19 20 138 152 28 27 33 35 100 39 44 240 52 56 61 64 68 237 72 71 73 79 258 91 92 94 107 111 119 112 120 133 13 1 11 137 302
15 16 17 18 19 138 152 27 33 28 20 22 23 35 39 44 240 52 56 64 61 68 237 72 71 73 79 258 91 92 94 107 109 111 119 100 112 120 302
15 16 17 18 19 138 152 27 28 33 22 23 20 35 39 44 240 52 56 61 64 68 237 71 72 73 79 258 91 92 94 107 111 109 119 112 100 120 302
15 16 17 18 19 20 138 152 27 28 33 22 23 35 39 44 240 56 52 61 68 64 237 72 71 73 79 258 91 92 94 107 111 109 119 112 100 120 302
15 16 17 18 19 20 138 152 27 28 33 22 23 35 39 44 240 52 56 61 64 68 237 238 239 72 71 73 79 258 91 92 94 173 174 178 181 180 190 191 107 111 119 100 112 302
15 16 17 18 20 19 138 152 27 28 33 22 23 35 39 44 240 52 56 61 64 68 237 72 71 173 180 190 191 73 288 75 78 79 91 92 97 107 111 119 95 112 109 1 2 3 6 4 5 7 8 9 10 12 302
15 16 17 18 19 20 138 152 28 27 33 22 35 39 44 240 52 56 61 68 64 237 73 71 72 79 258 91 92 94 107 111 112 119 100 120 302
15 16 17 18 19 138 152 20 27 28 22 33 161 162 166 167 170 133 171 302
15 16 17 18 19 20 138 152 28 27 22 33 35 39 44 240 52 23 56 61 64 68 237 71 72 73 79 258 91 92 94 107 111 112 100 119 109 302
15 16 17 18 20 19 138 152 27 28 33 22 23 35 39 44 240 52 56 61 68 64 237 72 71 73 79 258 91 92 94 107 111 119 109 100 112 120 302
15 16 17 18 20 19 138 152 153 154 157 27 28 29 33 302
15 16 17 18 20 19 138 152 153 154 157 158 27 28 33 22 23 35 39 44 240 56 52 61 64 68 237 71 72 73 79 258 91 92 94 107 111 109 119 100 112 120 302
15 16 161 17 18 19 20 138 152 28 27 33 22 35 44 39 240 56 52 61 64 68 237 71 72 73 79 258 91 92 94 107 111 119 100 112 120 302
15 16 161 17 18 20 19 138 152 27 28 33 22 23 35 39 44 240 52 56 64 61 68 237 72 71 73 79 258 91 92 94 107 111 109 119 100 112 120 302
15 16 161 17 18 19 20 138 152 27 28 33 22 23 35 44 39 240 52 56 61 64 68 237 71 72 73 79 258 91 92 94 107 111 119 109 100 112 120 302
15 16 161 17 18 20 19 138 152 28 27 33 22 23 44 39 35 240 56 52 61 64 68 237 72 71 73 79 258 91 92 95 94 107 111 119 112 302
15 16 161 17 18 19 20 138 152 28 27 33 22 23 35 39 44 240 52 56 61 64 68 237 72 71 73 79 258 91 92 94 107 111 119 109 100 112 120 302
15 16 161 17 18 20 19 138 152 27 28 33 22 23 35 39 44 240 56 52 61 64 68 237 71 72 73 79 258 91 92 94 107 111 109 119 100 112 120 302
15 16 161 17 18 19 20 138 22 152 153 154 157 158 28 27 35 39 44 202 52 56 33 62 63 55 237 238 239 71 72 73 79 258 262 259 264 23 265 266 273 281 282 285 91 92 95 97 107 111 119 109 112 120 302
15 16 161 17 18 19 20 138 152 28 27 33 302
15 16 161 17 18 19 138 152 28 27 22 33 20 23 39 35 44 240 52 56 61 68 64 237 72 71 73 79 258 91 92 94 107 109 111 119 112 100 120 302
15 16 17 18 161 19 138 152 27 33 28 20 35 39 44 240 52 56 61 64 68 237 72 71 73 79 258 274 263 258 261 260 268 22 23 275 277 285 91 92 97 107 111 119 112 95 302
15 100 16 161 17 18 138 152 27 28 35 39 44 240 52 56 33 61 64 68 237 72 71 73 79 258 91 92 94 107 111 119 112 120 133 13 1 11 137 302
15 16 161 17 18 20 19 138 152 27 28 33 22 23 39 35 44 240 52 56 61 68 64 237 73 71 72 79 258 91 92 94 100 107 111 112 119 109 120 302
15 16 161 17 18 19 20 138 152 27 28 33 35 38 44 202 52 56 62 63 55 237 72 71 73 79 258 91 92 95 97 107 111 112 119 302
15 16 161 17 18 19 20 138 152 27 28 33 22 23 35 39 44 240 52 56 61 64 68 237 73 72 71 79 258 91 92 94 107 111 119 112 95 302
15 16 161 17 18 19 20 138 152 28 27 33 22 35 39 44 240 52 56 64 61 68 237 71 72 73 79 258 91 92 94 107 111 119 100 112 120 302
15 16 161 17 18 19 138 152 27 28 20 22 23 33 35 39 44 240 52 56 61 68 64 237 71 72 73 79 258 91 92 95 94 107 111 119 112 302
15 16 17 18 161 162 166 167 171 133 137 302
15 16 161 17 18 19 20 138 152 153 154 157 158 28 27 33 22 23 35 38 44 202 52 56 63 62 302
15 16 161 17 18 20 19 138 152 28 27 33 22 23 35 38 44 202 52 56 62 63 55 237 72 71 73 79 258 91 92 97 107 111 119 112 95 302
15 16 161 17 18 19 20 138 152 28 27 33 302
15 16 161 17 18 20 19 138 152 153 154 157 27 28 29 33 35 40 38 44 202 203 302
15 16 161 17 18 20 19 138 152 27 28 33 35 38 44 173 174 178 180 181 191 190 202 52 22 23 56 62 63 55 237 71 72 73 79 258 91 92 95 97 107 111 112 119 302
15 16 161 17 18 19 20 138 152 27 28 33 35 22 38 44 202 52 56 62 63 55 237 72 71 73 79 258 91 92 97 107 111 119 95 112 302
15 16 161 17 18 19 138 152 27 33 28 20 150 302
15 16 161 17 18 19 138 152 27 33 20 28 22 35 38 23 44 202 52 56 63 62 55 237 71 72 73 79 258 91 92 95 97 107 111 112 119 302
15 16 161 17 18 19 20 138 152 28 27 33 302
15 16 161 17 18 19 20 138 152 28 27 33 22 23 35 38 44 150 202 52 297 298 56 62 63 302
15 16 161 17 18 20 19 138 152 25 28 27 30 33 22 150 23 37 38 44 202 52 55 56 62 63 68 237 71 72 73 79 258 91 92 94 97 100 98 107 108 111 112 114 116 115 118 117 302
15 16 161 17 18 19 20 138 152 25 27 28 33 37 38 44 202 52 55 56 62 63 68 237 71 72 30 22 23 73 79 258 91 92 94 97 100 98 107 108 112 111 114 115 116 118 117 302
15 16 161 17 18 20 19 138 152 25 27 28 30 31 33 22 23 37 38 44 202 52 55 56 62 63 68 237 71 72 73 79 258 91 92 94 97 100 102 105 98 107 108 111 112 114 115 116 118 117 302
15 16 161 17 18 19 20 138 152 25 27 28 150 33 112 95 117 13 133 297 301 22 198 173 30 37 38 44 202 52 55 56 62 63 68 237 72 71 73 79 258 91 92 94 107 97 108 111 116 114 115 118 1 14 302
15 16 161 17 18 20 19 138 152 25 27 28 30 31 33 22 37 38 44 202 52 55 23 56 62 63 68 237 71 72 73 79 258 91 92 94 97 100 102 105 107 108 111 114 115 116 118 98 112 117 302
15 16 161 17 18 19 20 138 152 25 28 27 33 22 30 23 37 38 44 202 52 55 56 62 63 68 237 72 71 73 79 258 91 92 94 97 100 107 108 111 114 115 116 118 98 112 117 302
15 16 161 17 18 20 19 138 152 25 28 27 33 22 30 23 37 38 44 202 52 55 56 62 63 68 237 71 72 73 79 258 91 92 94 97 100 98 107 108 112 111 116 115 114 118 117 302
15 16 161 17 18 19 20 138 152 25 27 28 30 37 38 31 44 202 52 55 56 62 63 68 237 73 72 71 79 258 91 92 94 173 174 178 180 183 190 191 181 186 183 190 191 193 97 100 102 105 98 107 108 111 302
15 16 161 17 18 19 20 138 152 25 28 27 33 37 30 38 44 202 52 55 56 62 63 68 237 72 71 73 79 258 91 92 94 97 100 98 107 108 111 112 116 114 115 118 117 302
15 16 161 17 18 19 20 138 152 25 28 27 33 30 37 38 44 45 202 52 55 56 62 63 68 237 72 71 73 80 81 82 83 84 86 88 89 241 246 247 249 251 250 243 302
15 16 161 17 18 19 138 152 25 27 33 30 20 28 37 38 44 202 52 55 56 62 63 68 237 72 71 73 79 258 91 92 94 107 97 108 95 112 111 115 114 116 118 117 119 302
15 16 161 17 18 19 20 138 152 25 28 27 33 37 38 44 202 52 55 56 62 63 68 237 72 71 73 79 258 91 92 94 30 97 100 98 107 108 112 111 115 116 114 118 117 302
15 16 161 17 18 19 20 138 152 25 28 27 33 30 37 38 44 202 52 55 56 62 63 68 237 71 72 73 79 258 91 92 94 97 107 108 111 115 114 116 118 95 112 117 1 13 14 133 135 136 137 302
15 16 161 17 18 138 142 146 149 148 147 143 302
15 16 161 17 18 20 19 138 152 25 28 27 33 37 38 44 202 52 55 56 62 63 68 237 71 72 30 73 79 258 91 92 94 97 100 98 107 108 112 111 117 114 115 116 118 302
15 16 17 161 18 19 20 138 152 25 28 27 33 302
15 28 16 161 17 18 19 20 138 152 153 154 155 156 27 29 37 38 44 202 52 55 56 62 63 68 237 71 72 73 80 81 82 83 84 86 89 241 246 88 249 251 250 243 252 258 92 94 97 100 107 108 111 98 302
15 16 161 17 18 20 19 138 33 152 25 22 28 27 30 37 38 44 302
15 16 17 18 302
15 16 17 161 18 20 19 138 152 25 27 28 33 302
15 16 161 17 18 20 19 138 152 25 27 28 33 30 37 302
15 16 17 18 133 302
15 16 161 17 18 20 19 138 146 142 149 148 147 147 143 143 302
15 16 161 17 18 19 20 138 152 25 28 27 33 37 38 44 202 52 55 56 62 63 68 237 72 71 73 79 258 91 92 94 30 97 100 98 107 108 111 112 116 114 117 115 302
15 16 17 161 18 19 20 138 152 25 28 27 33 37 30 31 38 44 202 52 55 56 63 62 68 237 71 72 73 79 258 91 92 94 95 97 107 108 112 111 115 116 117 114 302
15 16 161 17 18 19 138 152 25 27 33 28 20 37 38 44 202 52 55 56 59 60 173 174 178 180 181 183 186 191 190 193 62 63 68 237 71 72 73 79 258 91 92 94 95 107 97 108 112 111 115 114 116 118 302
15 16 161 17 18 19 138 152 25 27 33 28 20 173 174 178 180 181 186 183 191 190 193 37 38 44 202 52 55 56 62 63 30 68 237 71 72 73 79 258 91 92 94 97 100 98 107 108 111 114 115 116 118 112 302
15 28 16 161 17 18 20 19 138 302
15 16 161 17 18 19 138 152 25 27 33 28 20 30 37 38 44 202 52 55 56 62 63 68 237 71 72 73 79 258 91 92 94 95 97 107 108 111 302
15 16 17 18 20 19 138 152 25 28 27 302
15 16 17 18 19 138 152 25 27 30 20 28 37 38 44 202 52 55 56 60 59 62 63 68 237 71 72 73 79 258 91 92 94 97 100 98 107 108 111 116 114 115 118 112 117 302
15 16 17 18 19 20 138 152 25 28 27 30 161 162 37 38 44 164 167 166 133 171 135 302
15 16 17 18 19 20 138 152 25 28 27 33 161 162 164 166 167 171 133 135 136 302
15 16 17 18 20 19 28 27 33 138 142 146 149 148 143 147 302
15 16 17 18 20 19 138 152 25 27 28 37 38 30 44 202 52 55 56 62 63 68 237 71 72 73 79 258 91 92 94 97 100 98 107 108 112 111 115 114 116 118 117 302
15 16 17 18 19 138 152 25 27 33 20 28 37 30 38 44 202 52 55 56 62 63 68 237 72 71 73 79 258 91 92 94 173 174 178 180 181 183 186 190 191 193 97 100 98 107 108 112 111 116 115 114 118 117 302
15 16 17 18 20 19 138 152 25 27 28 33 30 37 38 44 202 52 55 56 62 63 68 237 72 71 73 79 258 91 92 94 97 100 98 107 108 111 112 114 116 115 118 117 302
15 16 17 18 19 20 138 152 25 28 27 133 161 162 164 166 171 135 136 137 167 302
15 16 17 18 302
15 16 17 18 19 138 152 25 27 33 20 28 173 174 178 180 181 186 183 190 191 193 30 37 38 44 202 52 55 56 62 63 68 237 71 72 73 79 258 91 92 94 97 100 98 107 108 111 114 116 115 118 112 117 302
15 16 17 18 161 162 164 166 167 171 133 135 136 137 302
15 16 17 18 19 152 138 25 27 33 20 28 30 37 38 44 202 52 55 56 62 63 68 237 71 72 73 79 258 91 92 94 173 174 178 180 184 183 186 191 190 193 97 100 107 108 111 115 114 116 118 112 98 117 302
15 16 17 18 19 20 138 152 25 27 28 33 30 37 38 44 45 202 52 55 58 60 59 62 63 68 237 71 72 73 80 82 81 83 84 86 88 89 241 246 249 250 251 243 302
15 16 17 18 20 19 138 152 25 28 27 33 37 38 44 202 52 55 56 62 63 68 237 71 72 73 79 258 91 92 94 97 100 98 107 108 30 111 112 114 115 116 118 117 302
15 16 17 18 19 20 138 152 25 27 28 33 37 38 30 44 202 52 55 56 62 63 68 237 72 71 73 79 258 91 92 94 97 100 98 107 108 111 112 114 115 116 118 117 302
15 16 17 18 20 19 138 152 25 28 27 33 30 37 38 44 202 52 55 56 62 63 68 237 72 71 73 79 258 91 92 94 107 97 108 111 115 116 114 118 95 112 117 1 13 133 14 135 136 137 302
15 16 17 18 19 20 138 152 25 27 28 30 33 37 38 44 202 52 55 56 62 63 68 237 71 72 73 79 80 81 82 83 84 86 89 241 244 246 249 251 88 250 252 258 91 92 94 107 97 108 95 111 114 115 302
15 16 17 18 20 19 138 152 25 27 28 95 30 31 37 38 44 202 52 55 56 62 63 68 237 72 71 73 79 258 91 92 94 107 97 108 111 116 115 114 118 112 117 13 133 1 14 136 135 137 302
15 16 17 18 19 20 138 152 25 27 28 30 31 33 133 161 162 164 166 171 135 136 137 167 302
15 16 17 18 138 152 25 27 28 37 38 30 44 202 52 55 56 62 63 68 237 72 71 73 79 258 91 92 94 97 107 108 111 114 115 116 118 95 112 117 1 13 14 133 135 136 137 302
15 16 17 18 19 138 152 25 27 20 28 161 162 164 167 166 171 133 302
15 16 17 18 19 20 138 152 25 28 27 30 37 38 44 202 52 55 56 62 63 68 237 71 72 73 79 258 91 92 94 97 100 98 107 108 111 112 116 115 114 118 117 302
15 16 17 18 19 20 138 152 25 28 27 33 30 173 174 178 180 181 186 183 190 191 193 37 38 44 202 52 55 56 63 62 68 237 72 71 73 79 258 91 92 94 97 100 98 107 108 111 115 116 114 118 112 117 302
15 16 17 18 19 20 138 152 25 28 27 33 133 161 162 164 166 167 171 136 135 302
15 16 17 18 19 20 28 27 33 138 146 147 142 143 149 148 133 302
15 16 17 18 19 20 138 152 25 28 27 161 162 164 166 167 171 133 135 136 302
15 16 17 18 20 19 138 152 25 27 28 33 22 161 162 164 302
15 16 17 18 19 20 138 152 25 28 27 33 30 37 38 44 202 55 52 56 62 63 68 237 71 72 73 79 258 91 92 94 97 100 98 107 108 111 112 115 114 116 118 117 302
15 16 17 18 19 20 138 152 25 28 27 33 30 38 37 44 45 202 52 55 56 62 63 68 237 72 71 73 80 81 82 83 84 86 88 87 89 241 246 249 251 250 243 252 258 92 94 97 107 108 111 115 116 114 302
15 16 17 18 20 19 152 138 25 28 27 33 30 37 38 44 202 52 55 56 62 63 68 237 72 71 73 79 258 91 92 94 97 100 98 107 108 111 112 114 116 115 118 117 302
15 16 17 18 19 20 138 152 25 27 28 33 30 37 38 44 202 52 55 56 63 62 68 237 71 72 73 79 258 91 92 94 97 100 107 108 111 115 114 116 118 112 98 117 302
15 16 17 18 20 19 138 152 25 27 28 33 30 37 38 44 161 162 164 167 166 171 133 135 136 137 302
15 16 17 18 19 20 138 152 25 27 28 33 37 38 44 202 52 55 56 62 63 68 237 71 72 73 79 258 91 92 94 97 100 102 105 98 107 108 112 111 114 116 115 118 117 302
15 16 17 18 19 20 138 152 25 28 27 30 37 38 44 202 52 55 56 62 63 68 237 72 71 73 79 258 91 92 94 97 100 98 107 108 112 111 116 114 115 118 117 302
15 16 17 18 19 20 138 152 25 28 27 33 30 37 38 44 202 52 55 56 62 63 68 237 71 72 73 79 258 91 92 94 97 100 98 107 108 111 112 114 115 116 118 117 302
15 16 17 18 20 19 138 152 25 27 28 33 30 37 38 44 202 52 55 56 62 63 68 237 71 72 73 79 258 91 92 94 97 107 108 111 114 115 116 118 95 112 117 13 1 14 302
15 16 17 18 19 138 152 25 27 20 28 37 38 44 202 52 55 56 62 63 68 237 71 72 73 79 258 91 92 94 97 100 107 108 111 114 116 115 118 98 112 117 302
15 16 17 18 20 19 138 152 25 27 28 33 302
15 16 17 18 19 20 138 152 25 28 27 33 30 302
15 16 17 18 19 20 138 152 25 27 28 33 30 37 38 44 202 52 55 56 62 63 68 237 72 71 73 79 258 91 92 94 97 107 108 111 116 114 115 118 13 95 112 117 1 133 14 135 136 137 302
15 16 17 18 20 19 138 152 25 27 28 33 37 38 44 202 52 55 56 62 63 68 237 71 72 73 79 258 91 92 94 97 100 98 107 108 111 114 115 116 118 112 117 302
15 16 17 18 19 20 138 152 25 27 28 33 37 38 44 202 52 55 56 62 63 68 237 72 71 73 79 258 91 92 94 97 100 98 107 108 111 115 116 114 118 112 117 302
15 16 17 18 19 20 138 152 25 27 28 33 30 37 38 44 202 52 55 56 62 63 68 237 71 72 73 79 258 91 92 94 97 100 98 107 108 111 112 115 114 116 118 117 302
15 16 17 18 19 20 138 152 25 27 28 33 37 38 44 202 52 55 56 62 63 68 237 71 72 73 79 258 91 92 94 107 97 108 111 116 114 115 118 112 95 117 302
15 16 17 18 20 19 138 152 25 27 28 33 173 174 178 184 30 37 38 44 202 52 55 56 62 63 68 237 71 72 180 183 186 190 193 194 73 79 258 91 92 94 97 100 107 108 111 114 115 116 118 98 112 117 302
15 16 17 18 19 20 138 152 25 28 27 22 33 30 31 23 37 38 44 202 52 55 56 62 63 68 237 71 72 73 79 258 91 92 94 97 100 98 107 108 112 111 114 116 115 118 117 302
15 16 17 18 20 19 138 152 25 27 28 22 33 30 23 37 38 44 202 52 55 56 62 63 68 237 71 72 73 79 258 91 92 94 97 100 98 107 108 111 112 114 115 116 118 117 302
15 16 17 18 20 19 138 152 25 27 28 33 37 38 44 202 52 55 56 62 63 68 237 71 72 73 79 258 91 92 94 97 100 102 105 107 108 111 115 116 114 118 112 98 117 302
15 16 17 18 19 20 138 152 25 27 28 33 30 37 38 44 202 52 55 56 62 63 68 237 72 71 73 79 258 91 92 94 107 97 108 111 114 115 116 118 95 112 117 13 133 1 14 135 136 137 302
15 20 28 16 17 18 19 138 152 25 27 32 37 38 44 202 52 55 56 62 63 68 237 71 72 73 79 258 91 92 94 97 107 108 111 114 116 115 118 95 112 117 302
15 16 17 18 19 138 152 25 20 22 26 33 32 23 36 44 202 52 55 56 62 63 68 237 71 72 73 79 258 294 91 92 93 94 99 97 100 106 98 107 108 110 111 114 116 118 112 113 115 302
15 16 17 18 19 138 152 25 26 36 44 202 52 55 56 62 63 68 237 71 72 73 79 258 294 91 92 93 94 97 100 101 102 103 104 105 106 107 108 110 111 114 116 118 98 113 112 99 115 302
15 16 17 18 20 19 138 152 25 26 33 36 44 202 52 55 56 62 63 68 237 71 72 73 79 258 294 91 92 93 94 107 97 108 110 111 114 116 118 119 95 96 115 113 112 1 13 132 133 14 136 135 134 137 302
15 16 17 18 19 138 152 25 26 33 20 32 36 44 202 52 55 56 62 63 68 237 71 72 73 79 258 294 91 92 93 94 97 100 106 107 108 110 111 114 116 118 99 112 113 115 98 302
15 16 17 18 19 20 138 152 25 26 36 44 202 52 55 56 62 63 68 237 71 72 73 79 258 294 91 92 93 94 97 100 106 107 108 110 111 116 114 118 115 112 99 113 98 302
15 16 17 18 19 20 138 152 25 26 150 22 33 32 36 44 202 52 55 56 62 63 68 237 72 71 73 79 258 294 91 92 93 94 97 100 106 107 108 110 111 116 114 118 98 113 99 115 112 302
15 16 17 18 19 138 152 25 26 33 36 44 202 52 55 56 62 63 68 237 72 71 73 79 258 294 295 296 91 92 93 94 97 100 101 102 103 104 105 106 98 99 107 108 110 302
15 16 17 18 19 20 138 152 25 26 33 32 99 36 44 202 52 55 56 62 63 68 237 71 72 73 79 258 294 91 92 93 94 97 100 98 106 107 108 110 111 116 114 118 113 112 115 302
15 16 17 18 19 20 138 152 25 26 33 185 192 173 174 178 179 180 183 184 186 151 191 193 32 36 44 202 52 55 56 62 63 68 237 72 71 73 79 258 294 91 92 93 94 113 99 97 100 98 106 107 108 110 302
15 16 17 18 19 20 138 152 25 26 33 22 36 32 23 37 38 44 202 52 55 56 62 63 68 237 71 72 73 79 258 294 91 92 93 94 99 113 97 100 98 106 107 108 110 111 115 112 114 116 118 302
15 16 17 18 19 138 152 25 26 28 27 33 36 44 202 52 55 56 62 63 68 237 71 72 73 79 258 294 91 92 93 94 97 100 101 102 105 106 113 99 98 107 108 110 115 112 111 116 114 118 302
15 16 17 18 19 20 138 152 25 26 33 192 185 173 174 178 179 180 183 184 186 151 191 193 32 163 162 164 165 166 167 133 132 171 135 136 134 137 302
15 16 17 18 20 19 138 152 25 26 36 37 38 44 302
15 16 17 18 20 19 138 152 25 26 192 185 173 174 178 179 180 184 183 186 151 191 193 36 44 202 52 55 56 63 62 68 237 72 71 73 79 258 294 91 92 93 94 99 97 100 106 98 107 108 110 111 114 116 302
15 16 17 18 19 20 138 152 25 26 33 192 182 173 174 178 179 180 181 183 186 151 190 191 194 193 36 44 202 52 55 56 62 63 68 237 72 71 73 79 258 294 91 92 93 94 97 100 101 102 105 106 99 98 302
271 15 16 17 18 19 20 138 152 25 26 27 28 33 266 272 36 44 202 52 55 56 62 63 68 237 71 72 73 79 258 262 32 259 263 264 279 265 268 270 269 276 278 277 285 286 287 91 92 93 94 113 99 97 302
15 16 17 18 20 19 138 152 25 26 33 32 36 44 202 52 55 56 62 63 68 237 71 72 73 79 258 294 91 92 93 94 99 97 100 98 106 107 108 110 111 114 116 118 113 115 112 302
15 16 17 18 19 20 138 152 25 26 33 32 36 44 202 52 55 56 62 63 68 237 72 71 73 79 258 294 91 92 93 94 99 97 100 98 106 107 108 110 111 116 114 118 113 112 115 302
15 16 17 18 19 20 138 152 25 26 33 32 133 161 163 164 165 167 166 171 132 134 136 135 137 302
15 143 16 17 18 19 20 138 141 142 145 147 146 148 149 132 34 133 134 135 136 137 302
15 16 17 18 19 20 138 152 25 26 33 32 192 185 36 44 202 52 55 56 62 63 173 174 178 179 180 184 183 186 151 191 193 302
15 16 17 18 19 138 152 25 26 33 36 44 202 52 55 56 62 63 68 237 72 71 73 79 258 294 91 92 93 94 97 100 101 99 102 105 98 106 107 108 110 111 114 116 118 115 113 112 302
15 16 17 18 20 19 138 152 25 26 33 36 37 38 44 202 52 55 56 62 63 68 237 71 72 73 79 258 294 91 92 93 94 97 100 101 102 105 106 113 98 99 107 108 110 115 112 111 116 114 118 302
15 16 17 18 20 19 138 152 25 26 22 33 32 99 98 36 37 38 44 202 52 55 56 62 63 68 237 72 71 73 79 258 294 91 92 93 94 113 97 100 106 107 108 110 112 115 111 114 116 118 302
15 16 17 18 19 138 152 25 26 33 36 44 202 52 55 56 62 63 68 237 72 71 73 79 258 294 91 92 93 94 302
15 16 17 18 20 19 138 152 25 26 33 32 36 44 202 52 55 56 62 63 68 237 72 71 73 79 258 294 91 92 93 94 113 99 97 100 106 98 107 108 110 112 115 111 114 116 118 302
15 16 17 18 19 20 138 152 25 26 33 113 99 32 36 44 202 52 55 56 62 63 68 237 71 72 73 79 258 294 91 92 93 94 97 100 98 106 107 108 110 111 115 112 114 116 118 302
15 16 17 18 20 19 138 152 25 26 36 22 150 33 32 44 23 31 202 52 55 56 62 63 68 237 72 71 73 79 258 294 91 92 93 94 97 107 108 110 111 114 116 118 96 95 113 112 115 302
15 16 17 18 19 20 138 152 25 26 33 32 36 44 202 52 55 56 62 63 68 237 71 72 73 79 258 294 91 92 93 94 302
15 16 17 18 20 19 138 152 25 26 33 32 36 44 202 52 55 56 62 63 68 237 71 72 73 79 258 294 91 92 93 94 97 100 106 107 108 110 111 114 116 118 113 99 98 112 115 302
15 16 17 18 19 20 138 152 25 26 33 36 44 202 52 55 56 62 63 68 237 72 71 73 79 258 294 91 92 93 94 100 106 107 108 110 111 114 116 118 113 98 99 115 112 302
271 272 266 15 16 17 18 19 20 138 152 25 302
15 16 17 18 302
15 16 17 18 19 20 138 152 25 26 36 33 302
15 16 17 18 19 138 152 25 26 33 20 302
15 16 17 18 19 20 138 152 25 26 33 32 302
15 16 17 18 20 19 138 152 25 26 33 32 302
15 17 302
15 48 20 205 208 28 31 48 17 18 19 21 24 27 173 31 40 22 161 35 39 44 47 56 203 204 207 233 40 35 39 44 47 56 57 65 61 64 237 72 71 73 79 90 91 92 95 112 94 108 111 119 120 302
15 31 28 48 48 205 208 17 18 21 24 27 173 31 35 39 40 44 47 56 203 204 207 233 40 35 39 44 47 56 57 65 61 64 237 72 71 73 161 22 79 90 91 92 95 112 94 108 111 119 120 302
15 17 302
15 20 54 17 18 19 21 24 153 154 157 158 160 27 28 205 54 29 173 35 40 22 161 39 44 208 53 56 203 204 207 40 35 39 44 53 56 57 65 61 64 237 72 71 73 80 82 81 85 86 89 241 242 247 302
15 48 28 17 18 21 24 27 31 31 35 39 40 44 47 56 203 204 205 207 214 215 302
15 28 48 17 18 21 24 27 31 31 48 205 35 39 40 44 47 56 203 204 208 22 207 233 40 35 39 161 173 44 47 56 57 65 61 64 237 71 72 73 79 90 91 92 94 108 111 119 95 112 120 302
15 20 17 18 48 48 28 19 21 24 27 31 31 205 35 39 208 22 40 44 47 56 203 204 207 218 233 40 35 39 44 47 56 214 215 217 224 226 227 302
15 20 17 18 19 21 48 48 31 28 24 27 205 22 161 35 31 39 40 44 47 56 203 204 208 207 233 40 35 39 44 47 56 57 65 61 64 237 72 71 173 73 79 90 91 92 112 95 94 108 111 119 120 302
15 48 20 17 18 19 21 24 28 48 27 31 31 205 35 39 161 22 40 44 47 56 203 204 208 207 233 40 35 39 44 47 56 57 65 61 64 237 72 71 73 79 90 91 173 92 95 112 94 108 111 119 120 302
15 20 17 18 19 21 28 48 48 24 27 31 31 205 35 22 161 39 40 44 47 56 203 204 208 207 233 40 35 39 44 47 56 57 65 61 64 237 72 71 73 79 90 91 173 92 112 95 94 108 111 119 120 302
15 20 17 18 19 21 28 48 24 27 31 31 48 205 35 39 22 40 44 47 56 203 204 208 207 161 173 233 40 35 39 44 47 56 57 65 61 64 237 71 72 73 79 90 91 92 95 94 108 111 119 112 120 302
15 20 17 18 19 48 48 28 31 205 21 24 27 173 22 35 31 39 40 44 47 56 203 204 208 207 233 40 35 39 44 47 56 57 65 61 64 237 71 72 73 79 90 91 161 92 95 112 94 108 111 119 120 302
15 28 31 48 48 20 17 18 205 176 195 19 21 24 27 173 175 177 187 188 189 31 35 22 40 39 44 47 56 203 204 208 207 233 40 35 39 161 196 44 47 56 57 65 197 61 64 237 72 71 73 79 90 91 302
15 20 17 18 19 28 48 21 24 27 205 35 39 22 40 44 47 56 203 204 208 176 195 207 48 31 112 95 31 161 173 175 177 187 188 189 196 197 233 40 35 39 44 47 56 214 233 57 65 61 64 237 71 72 302
15 20 31 17 18 19 208 48 48 205 28 21 24 27 22 35 39 40 44 47 56 203 204 31 207 233 40 35 39 44 47 56 57 65 61 64 237 71 72 161 173 112 95 73 79 90 91 92 94 108 111 119 120 302
15 20 17 18 19 31 205 28 48 48 21 24 153 154 157 27 173 31 22 35 39 40 44 47 56 203 204 208 207 35 39 161 40 44 47 56 57 65 61 64 237 71 72 73 79 90 91 92 112 95 94 108 111 119 302
15 20 17 18 19 205 48 28 21 24 27 35 39 40 22 44 47 56 203 204 31 208 207 233 40 176 195 173 175 177 187 35 39 31 48 161 188 44 47 56 57 65 189 196 197 61 64 237 72 71 73 79 90 91 302
162 15 17 161 166 167 129 172 130 302
28 20 15 17 18 19 31 205 48 21 24 27 35 39 40 44 47 56 203 204 208 176 207 173 175 177 187 233 35 39 195 48 188 189 196 197 40 44 47 56 57 161 31 65 61 64 237 72 71 73 79 90 91 22 302
15 20 17 18 19 21 24 28 195 176 27 173 175 177 187 188 189 31 205 48 22 40 35 39 44 47 56 203 204 31 227 218 196 197 207 214 215 217 224 226 302
15 20 17 18 19 31 48 205 28 21 24 27 173 175 177 187 188 189 22 40 35 39 44 47 56 203 204 31 195 176 208 207 233 40 196 161 35 39 197 48 44 47 56 57 65 61 64 237 72 71 73 79 90 91 302
15 20 17 18 19 21 24 31 205 28 48 27 35 39 31 40 44 47 56 203 204 302
15 20 17 18 19 205 48 28 31 48 21 24 27 31 35 39 22 40 44 47 56 203 204 208 207 233 40 35 173 161 39 44 47 56 57 65 61 64 237 71 72 73 79 90 91 92 95 94 108 111 119 112 120 302
15 20 17 18 19 21 28 54 205 24 27 35 39 40 44 53 56 203 204 176 195 173 175 177 187 188 189 302
15 31 17 18 20 19 205 28 48 21 24 27 35 39 40 44 47 56 203 204 208 95 48 112 31 22 161 173 207 233 40 35 39 44 47 56 57 65 61 64 237 72 71 73 79 90 91 92 94 108 111 119 120 302
15 60 20 17 18 19 21 24 153 154 157 158 160 27 29 173 28 54 40 22 161 35 39 44 53 205 56 203 204 207 208 40 35 39 44 53 240 52 65 61 64 237 72 71 73 88 80 81 82 243 84 85 86 89 302
15 20 17 18 19 48 31 28 21 24 27 35 39 40 31 44 47 56 203 205 204 208 207 195 176 173 175 177 187 188 189 48 22 233 40 35 39 44 47 56 57 65 61 64 237 72 71 73 79 90 91 196 197 92 302
15 20 17 18 19 21 24 152 153 154 157 27 29 121 22 161 173 40 35 39 44 56 203 204 28 205 208 207 40 35 39 44 56 57 57 65 61 64 68 237 71 72 73 80 84 81 82 85 86 88 89 241 248 247 302
15 20 28 205 88 250 245 243 95 13 18 21 24 152 153 154 157 29 40 44 17 27 39 35 19 56 203 207 208 40 44 46 56 65 68 237 73 84 81 71 82 39 35 204 61 80 72 52 64 22 85 86 90 89 302
15 20 17 18 19 21 24 152 153 154 157 158 160 205 28 27 29 121 35 40 22 161 173 39 41 42 43 44 56 203 204 208 207 302
15 31 20 28 205 208 17 18 19 21 24 27 35 39 40 22 44 56 203 204 207 195 180 70 121 161 31 233 173 174 178 181 189 40 35 39 44 56 57 57 65 61 64 68 69 237 71 72 73 79 90 91 92 94 302
15 20 17 18 19 31 205 28 208 70 180 21 24 27 35 39 31 40 44 56 203 204 207 233 40 22 35 39 44 56 57 57 65 61 64 68 69 173 174 178 195 181 189 162 169 167 129 161 166 168 172 129 302
15 20 17 18 28 205 31 19 21 24 27 121 40 22 31 35 39 44 56 203 204 208 207 233 40 35 39 44 56 57 57 65 61 64 68 237 71 72 73 79 90 91 173 161 92 95 94 111 119 112 120 13 1 133 302
28 31 15 20 17 18 19 205 21 24 27 31 40 35 39 44 56 203 204 162 129 169 167 22 161 166 168 172 302
15 20 17 18 19 31 28 205 21 24 27 22 40 35 39 44 56 203 204 31 208 207 233 40 35 161 173 121 39 44 56 57 57 65 61 64 68 237 72 71 73 79 90 91 92 95 112 94 111 119 120 302
15 20 17 18 19 205 28 208 31 21 24 27 121 173 161 22 40 35 39 44 56 203 204 207 233 40 35 39 44 56 57 57 31 65 61 64 68 237 72 71 73 79 90 91 92 95 112 94 111 119 120 129 1 13 302
15 20 31 195 28 180 205 125 208 18 21 24 40 17 39 27 31 35 19 44 56 203 22 161 173 121 174 122 123 189 178 181 124 199 200 201 204 207 233 40 35 39 44 46 52 56 65 61 64 68 237 72 71 73 302
15 20 17 18 19 21 205 208 31 24 27 40 35 39 44 56 203 204 207 233 40 31 35 39 44 56 57 57 65 61 64 68 237 71 72 22 161 173 121 73 79 90 91 92 95 94 111 28 302
15 17 18 19 20 28 205 21 24 27 22 40 35 39 44 56 203 204 208 31 207 233 40 35 39 44 56 57 57 121 173 161 31 65 61 64 68 237 71 72 73 79 90 91 92 95 112 94 111 119 120 302
15 20 17 18 19 28 48 31 205 21 24 27 22 31 35 39 40 44 56 203 204 208 207 233 40 35 39 44 56 57 57 47 65 61 64 95 112 161 121 68 237 72 71 73 79 90 91 173 92 94 111 119 120 302
15 20 17 18 19 21 31 28 24 27 205 31 40 22 173 35 39 44 56 203 204 207 214 215 302
15 17 18 19 20 28 205 21 24 27 40 35 39 44 56 203 204 208 31 207 233 40 35 39 44 56 57 57 121 22 31 65 61 64 68 237 71 72 161 173 73 79 90 91 92 112 95 94 111 119 120 302
15 20 17 18 19 21 24 152 153 154 157 31 28 205 27 29 198 31 35 39 40 44 46 203 204 207 214 215 218 217 226 227 302
15 17 18 19 21 24 20 28 205 27 22 40 35 39 44 56 203 204 208 31 207 233 40 35 39 44 56 57 57 121 173 161 31 65 61 64 68 237 72 71 73 79 90 91 92 94 111 119 95 112 120 302
15 28 20 18 21 24 152 153 154 157 158 160 19 17 29 40 150 161 44 35 27 39 46 203 204 205 208 207 35 198 40 38 44 202 52 56 62 63 65 68 237 71 72 73 80 81 82 84 85 86 89 241 248 247 302
15 17 18 19 21 20 31 205 28 24 27 31 40 22 35 39 44 56 203 204 218 227 161 173 121 207 214 215 217 226 302
15 20 17 18 19 21 24 205 28 27 40 35 39 44 56 203 204 31 207 214 215 217 218 227 226 231 232 121 173 161 22 31 129 235 130 302
15 20 17 18 19 21 24 152 153 154 157 158 160 27 29 35 40 22 161 173 121 205 28 208 39 44 46 203 204 207 40 41 302
15 20 17 18 19 21 24 31 28 27 31 35 39 40 44 46 203 204 205 150 208 207 161 173 198 233 40 35 39 44 46 52 56 65 61 64 68 69 70 237 71 72 73 79 90 91 92 94 95 111 112 119 120 302
15 20 17 18 19 21 24 152 153 154 157 27 29 28 31 31 35 22 161 173 121 39 40 44 46 203 205 204 207 208 37 38 40 44 202 52 56 62 63 65 68 237 72 71 73 80 81 82 84 85 86 89 241 247 302
15 20 28 33 205 208 181 195 17 150 297 18 19 21 24 27 22 23 198 173 174 178 180 189 35 39 44 46 203 204 207 233 35 39 44 46 52 56 61 64 68 237 161 300 71 72 73 79 90 91 92 94 95 107 302
15 20 31 17 18 19 21 24 27 28 205 31 40 22 35 39 44 46 203 204 208 161 173 121 207 233 40 35 39 44 46 52 56 65 61 64 68 237 71 72 73 79 90 91 92 95 94 111 112 120 119 302
15 20 28 18 21 19 17 24 152 153 154 157 29 40 150 44 35 39 27 46 203 204 205 161 198 207 208 35 40 39 44 46 52 56 65 61 64 68 173 237 72 71 73 80 84 82 81 85 86 88 89 241 247 248 302
15 17 18 20 19 297 150 161 21 24 153 154 157 27 28 29 22 33 198 173 35 40 39 44 46 203 204 205 207 208 37 38 302
15 17 18 19 20 138 152 27 28 22 23 33 35 39 44 240 203 204 205 207 208 51 35 39 44 240 52 56 61 64 68 237 71 72 73 79 258 91 92 94 107 111 109 119 100 112 120 302
15 17 18 19 20 21 24 153 154 157 297 150 161 22 27 28 29 33 40 35 39 44 46 203 204 205 302
15 20 28 18 297 150 161 21 24 33 27 19 17 35 39 44 46 203 205 204 208 207 22 23 233 35 198 173 39 44 46 52 56 64 61 68 237 71 72 73 79 90 91 92 94 107 109 112 111 119 95 120 302
15 17 161 18 297 150 19 20 21 24 28 27 33 35 39 44 46 203 205 204 208 207 233 35 39 44 46 52 56 61 64 198 173 22 23 300 68 237 72 71 73 79 258 274 263 258 261 260 268 275 283 285 91 92 302
15 17 161 150 18 19 20 297 21 24 28 27 35 39 44 46 203 205 204 33 208 207 233 35 39 44 46 214 215 217 218 227 226 302
15 20 28 18 21 19 17 24 33 44 46 27 35 39 203 204 205 161 162 166 167 133 171 137 302
15 20 28 205 18 21 24 17 19 150 33 44 46 203 204 27 35 39 207 214 215 217 218 226 227 173 198 22 161 297 231 232 129 235 130 302
15 17 161 150 297 18 20 19 21 24 28 27 33 22 23 35 39 44 46 203 204 205 208 207 233 35 39 44 46 52 56 61 300 198 64 68 237 72 71 73 79 90 91 92 173 94 95 107 112 111 119 109 120 302
15 28 20 33 205 18 21 24 19 17 44 46 203 207 208 27 39 204 35 233 44 35 39 46 44 46 44 46 44 46 35 39 44 46 52 56 61 297 150 161 22 23 64 68 237 72 71 73 198 173 79 90 91 92 302
15 33 20 28 17 18 19 21 24 27 35 39 44 46 203 205 204 208 207 233 297 150 161 22 23 198 173 35 39 44 46 52 56 61 64 68 237 71 72 73 79 90 91 92 94 107 111 119 95 112 120 302
15 17 161 150 297 18 20 19 21 24 153 22 154 157 158 160 27 28 29 33 198 173 35 40 39 44 240 203 204 205 207 208 35 40 38 44 202 52 56 62 63 300 65 55 237 72 71 73 80 81 82 83 88 89 302
15 28 20 33 18 297 150 161 21 24 17 27 19 173 174 178 180 189 35 198 39 44 46 203 195 181 208 22 204 205 207 233 35 39 44 46 52 56 61 64 300 68 237 71 72 73 79 90 91 92 95 94 107 111 302
15 17 18 19 20 297 150 161 21 24 27 28 35 39 44 46 203 205 204 33 208 207 233 35 39 44 198 173 46 52 56 61 64 68 237 72 71 73 79 90 91 92 94 95 107 112 111 119 120 1 13 129 130 302
15 17 161 18 20 19 21 24 153 154 157 158 27 28 297 150 35 39 44 46 203 33 204 205 208 207 22 23 198 173 35 44 39 240 52 56 64 61 68 237 73 72 71 79 258 91 92 94 100 107 111 109 119 112 302
15 17 18 20 19 21 24 28 27 22 33 23 297 150 161 198 35 39 44 46 203 205 204 208 207 233 35 39 44 46 52 56 61 64 68 237 71 72 173 174 178 181 180 189 195 73 79 258 91 92 94 100 107 109 302
15 17 18 19 21 24 297 150 22 27 23 28 20 33 35 39 44 46 203 205 204 207 208 161 198 173 51 35 44 39 240 52 56 61 68 64 237 71 72 73 79 258 91 92 94 107 111 109 119 112 100 120 302
15 17 161 18 19 20 21 24 27 28 33 22 35 39 44 46 205 203 204 207 208 51 35 39 44 240 52 56 61 64 68 237 71 72 73 79 258 91 92 94 100 107 111 112 119 120 1 13 133 137 302
15 17 18 19 20 21 24 153 154 157 28 27 29 40 33 205 297 150 22 35 208 161 198 173 39 44 46 203 204 207 40 35 39 44 46 52 56 60 59 65 300 61 64 68 237 71 72 73 80 81 82 83 85 86 302
15 17 161 18 19 20 21 24 153 154 157 28 27 29 297 150 205 33 22 198 173 35 39 40 44 46 203 204 207 214 215 217 218 226 231 232 235 129 130 227 302
15 20 205 28 17 18 297 150 21 22 24 153 154 157 158 159 160 29 40 27 39 19 35 161 44 46 203 204 207 208 40 39 35 44 240 52 56 302
15 17 161 18 20 19 21 24 28 27 33 35 39 44 46 203 204 205 207 208 51 198 22 23 150 297 35 39 44 240 52 56 64 61 68 237 72 71 73 79 258 91 92 173 94 107 111 119 109 112 100 120 302
15 17 161 18 297 150 19 20 21 24 28 27 35 39 44 46 203 33 204 205 207 214 215 217 224 226 227 231 232 235 22 302
15 17 161 18 20 19 21 24 153 154 157 27 28 29 33 35 39 40 44 240 203 204 205 302
15 17 161 18 19 20 21 24 28 27 33 35 39 44 240 203 205 204 207 208 173 174 178 180 181 190 191 302
15 18 17 297 20 19 150 21 24 27 28 22 33 35 39 44 240 203 204 205 207 208 173 174 178 181 180 191 190 291 51 35 39 44 240 52 56 61 64 68 237 72 71 73 288 289 290 292 293 75 77 76 78 79 302
15 16 17 18 20 19 138 152 28 27 33 22 35 39 44 240 203 204 205 207 208 49 50 51 240 52 56 61 64 68 237 72 71 73 79 258 91 92 100 94 107 111 112 119 120 302
15 16 17 18 20 19 138 152 27 28 22 33 23 35 39 44 240 203 205 204 221 207 214 215 133 232 217 227 226 231 299 234 131 302
15 16 17 18 20 19 138 152 153 154 157 27 28 29 33 35 40 39 44 240 203 204 205 22 207 208 49 50 240 52 56 65 61 64 68 237 71 72 73 80 82 81 83 89 241 248 247 249 88 250 245 243 252 256 302
15 16 17 18 20 19 138 152 28 27 22 33 23 35 39 44 240 203 205 204 207 208 49 50 51 240 52 56 64 61 68 237 71 72 73 79 258 91 92 94 100 107 111 112 109 119 120 302
15 16 17 18 20 19 138 152 28 27 33 22 23 35 39 44 240 203 204 205 207 208 49 50 51 240 52 56 61 64 68 237 71 72 73 79 258 91 92 94 107 111 119 109 112 100 120 302
15 20 28 205 213 88 250 243 16 17 18 19 138 152 153 154 156 155 27 29 37 38 44 202 203 204 206 207 208 209 210 212 47 48 202 52 55 56 62 63 68 237 71 72 73 80 81 82 83 84 86 89 241 246 302
15 16 17 18 20 19 138 152 153 154 157 27 28 29 33 35 39 40 44 240 203 205 204 302
15 16 17 18 19 20 138 152 28 27 33 35 39 44 240 203 204 205 22 23 207 208 49 50 51 240 52 56 61 64 68 237 71 72 73 79 258 91 92 94 100 107 109 111 119 112 120 302
15 16 17 18 20 19 138 152 153 154 157 27 28 29 33 35 40 41 42 39 43 44 240 203 205 204 22 23 207 208 47 48 202 52 56 66 67 62 63 236 55 237 71 72 73 80 81 82 83 89 241 247 248 249 302
15 16 17 18 19 20 138 152 27 28 33 22 23 35 39 44 240 203 205 204 161 162 167 166 171 170 133 302
15 16 17 18 20 19 138 152 153 154 157 27 28 29 40 33 35 38 44 202 203 205 204 88 207 208 47 48 202 52 56 62 63 22 250 245 243 95 112 120 13 133 65 55 237 71 72 73 80 82 81 83 89 241 302
15 16 161 17 18 20 19 138 152 27 28 33 22 35 39 44 240 203 205 204 207 208 47 48 51 202 52 56 62 63 55 237 72 71 73 79 258 91 92 97 107 111 119 112 95 302
15 16 161 17 18 20 19 138 152 28 27 22 33 23 35 39 44 240 203 204 205 207 208 49 50 51 240 52 56 61 64 68 237 238 239 71 72 73 79 258 263 274 258 261 260 268 273 275 283 280 284 285 91 92 302
15 16 161 17 18 19 20 138 152 153 154 157 158 27 28 33 22 23 35 39 44 240 203 204 205 207 208 47 48 202 52 56 62 63 55 237 71 72 73 79 258 91 92 97 107 111 119 95 112 302
15 16 161 17 18 19 138 152 27 33 28 20 35 39 44 240 203 204 205 207 208 22 49 48 51 202 52 56 62 63 55 237 72 71 73 79 258 91 92 97 107 111 119 112 95 302
15 16 161 17 18 20 19 138 152 28 27 22 33 23 35 38 44 202 203 204 205 207 208 47 48 51 202 52 56 62 63 55 237 71 72 73 79 258 91 92 97 107 111 119 112 95 302
15 16 17 161 18 20 19 138 152 27 28 33 22 35 38 44 202 203 204 205 207 208 47 48 51 202 52 56 62 63 55 237 72 71 73 79 258 91 92 97 95 107 112 111 119 120 302
15 16 161 17 18 20 19 138 152 28 27 33 35 38 44 202 203 205 204 207 208 47 173 174 178 180 181 190 191 48 51 202 214 52 56 60 59 62 63 55 237 72 71 73 79 258 91 92 95 97 107 111 112 119 302
15 16 161 17 18 20 19 138 152 27 28 33 22 23 35 38 44 202 203 204 205 95 207 208 47 48 51 202 52 56 62 63 55 237 72 71 73 79 258 91 92 97 107 111 112 119 302
15 16 161 17 18 20 19 138 205 88 152 153 154 156 155 157 27 28 29 37 32 38 44 202 203 204 206 207 208 209 211 47 48 202 52 55 56 62 63 68 237 71 72 73 80 81 82 83 84 86 89 241 246 249 302
15 16 161 17 18 20 19 138 152 25 28 27 150 30 33 37 38 44 202 203 204 302
15 16 161 17 18 19 20 138 28 205 302
15 16 17 18 19 20 138 152 25 27 28 33 30 37 38 44 202 203 204 205 206 213 207 208 209 211 212 47 48 51 202 52 55 56 62 63 68 237 71 72 73 79 80 82 81 83 84 86 89 241 244 246 249 251 302
15 16 17 18 19 20 138 152 25 28 27 30 37 31 38 44 202 203 204 205 206 302
15 16 17 18 20 19 138 152 25 27 28 33 205 37 38 44 202 203 204 206 207 214 215 217 218 220 223 227 226 229 302
15 16 17 18 19 20 138 205 152 153 154 155 156 27 28 29 37 38 44 202 203 204 206 207 208 209 211 47 48 202 52 55 56 62 63 68 237 71 72 73 80 81 82 83 84 86 89 241 246 249 251 88 250 302
15 16 17 18 20 19 138 152 25 27 28 30 33 22 23 37 38 44 202 203 204 205 206 207 208 209 210 47 48 51 202 52 55 56 62 63 68 237 71 72 73 79 258 91 92 94 97 100 98 107 108 112 111 114 302
15 16 17 18 20 19 138 152 25 27 28 33 30 37 38 44 202 203 204 205 206 227 133 207 214 215 217 220 221 223 226 229 231 232 234 135 136 137 302
15 16 17 18 19 20 138 152 25 27 28 33 37 205 30 38 44 202 203 204 206 207 208 209 211 47 48 51 302
15 16 17 18 20 19 138 152 25 28 27 33 266 37 38 44 202 203 204 205 206 207 208 209 210 47 48 51 202 52 55 56 62 63 68 237 71 72 73 79 258 262 259 263 264 265 267 268 276 277 285 286 287 91 302
15 16 17 18 19 20 138 152 25 28 27 33 37 30 38 44 202 203 205 204 206 207 208 209 211 47 48 51 202 52 55 56 62 63 68 237 72 71 73 79 258 91 92 94 97 100 102 105 98 107 108 112 111 114 302
15 16 17 18 19 138 152 25 27 33 28 20 30 37 38 44 202 203 205 302
15 16 17 18 19 20 138 152 25 27 28 33 205 30 37 38 44 45 202 203 204 206 207 208 209 211 47 48 51 202 52 55 56 62 63 68 237 72 71 302
15 16 17 18 19 20 138 152 25 27 28 33 37 38 44 202 203 204 206 205 207 208 209 211 47 48 51 202 52 55 56 62 63 68 237 71 72 73 79 258 91 92 94 97 100 102 103 104 105 107 108 111 115 114 302
15 16 17 18 20 19 138 152 25 26 33 32 36 44 202 203 204 205 206 207 208 209 211 51 202 52 55 56 62 63 68 237 71 72 73 79 258 294 91 92 93 94 113 99 97 100 106 98 107 108 110 115 111 112 302
15 16 17 18 20 19 138 152 25 26 33 32 36 37 38 44 202 203 204 206 205 207 208 209 211 47 48 51 219 202 214 215 216 217 218 228 220 223 225 227 229 302
15 20 16 17 18 19 138 152 25 26 36 44 202 203 204 205 206 207 214 215 216 217 220 221 222 223 225 226 229 230 228 227 302
15 16 17 18 19 138 152 25 26 33 20 36 44 202 203 32 204 205 206 219 207 214 215 216 217 218 220 223 225 228 227 229 231 232 133 234 132 134 135 136 137 302
15 16 17 18 19 138 152 25 26 33 192 182 173 174 178 179 180 181 183 186 151 190 194 191 36 37 38 44 202 203 193 205 204 206 207 208 209 302
15 16 17 18 19 20 138 152 25 26 33 205 32 36 44 45 202 203 302
15 16 17 18 19 20 138 152 25 26 36 44 202 203 204 205 206 173 174 178 179 180 192 185 183 184 186 151 194 191 190 193 302
15 16 17 18 20 19 138 152 25 26 302
15 16 17 18 19 138 152 25 26 33 20 302
